VARIABLES=" V1"," V2" 
ZONE  I = 1001 
0.0 1.0 
0.001 1.0009864908149861 
0.002 1.0014780029608614 
0.003 1.0016798784639156 
0.004 1.0017121403361067 
0.005 1.0016448891285783 
0.006 1.0015190605876347 
0.007 1.0013585604614608 
0.008 1.0011773543690128 
0.009000000000000001 1.0009836021559129 
0.01 1.0007820744905083 
0.011 1.0005755596721393 
0.012 1.0003656889684176 
0.013000000000000001 1.0001534148780964 
0.014 0.9999392945938527 
0.015 0.999723651822743 
0.016 0.9995066754466022 
0.017 0.9992884732865233 
0.018000000000000002 0.9990691076190793 
0.019 0.9988486119505641 
0.02 0.998627004921072 
0.021 0.9984042943751721 
0.022 0.9981804838636368 
0.023 0.9979555723291548 
0.024 0.9977295580787742 
0.025 0.9975024369403966 
0.026000000000000002 0.9972742053811363 
0.027 0.9970448581171213 
0.028 0.9968143909551518 
0.029 0.9965827981945053 
0.03 0.9963500753915128 
0.031 0.99611621667026 
0.032 0.9958812174794016 
0.033 0.9956450718520562 
0.034 0.9954077751791311 
0.035 0.9951693214321888 
0.036000000000000004 0.9949297059619528 
0.037 0.9946889226887169 
0.038 0.9944469669292783 
0.039 0.9942038325562662 
0.04 0.9939595148548566 
0.041 0.9937140076512786 
0.042 0.9934673062000128 
0.043000000000000003 0.9932194042813383 
0.044 0.9929702971194864 
0.045 0.9927199784489553 
0.046 0.9924684434640141 
0.047 0.9922156858534581 
0.048 0.9919617007818305 
0.049 0.9917064818922763 
0.05 0.991450024319843 
0.051000000000000004 0.9911923216620747 
0.052000000000000005 0.9909333690247575 
0.053 0.9906731599598938 
0.054 0.9904116895442524 
0.055 0.990148951284363 
0.056 0.9898849402282338 
0.057 0.9896196498370039 
0.058 0.9893530751301921 
0.059000000000000004 0.9890852095236393 
0.06 0.9888160480086593 
0.061 0.9885455839559036 
0.062 0.9882738123287795 
0.063 0.9880007264528692 
0.064 0.9877263212639883 
0.065 0.9874505900427828 
0.066 0.9871735276978075 
0.067 0.9868951274649193 
0.068 0.9866153842257579 
0.069 0.9863342911715538 
0.07 0.986051843157392 
0.07100000000000001 0.9857680333300538 
0.07200000000000001 0.9854828565184477 
0.073 0.9851963058250981 
0.074 0.9849083760531296 
0.075 0.9846190602610183 
0.076 0.984328353226516 
0.077 0.9840362479642731 
0.078 0.9837427392270972 
0.079 0.9834478199860525 
0.08 0.9831514849694469 
0.081 0.9828537271050155 
0.082 0.9825545410970299 
0.083 0.9822539198301686 
0.084 0.9819518579851483 
0.085 0.9816483484038806 
0.08600000000000001 0.9813433857440276 
0.08700000000000001 0.9810369628050422 
0.088 0.9807290742220499 
0.089 0.9804197127523705 
0.09 0.9801088730091311 
0.091 0.9797965477078622 
0.092 0.9794827314402494 
0.093 0.9791674168803968 
0.094 0.9788505985991262 
0.095 0.9785322692294952 
0.096 0.9782124233220604 
0.097 0.977891053469234 
0.098 0.9775681542019244 
0.099 0.9772437180723191 
0.1 0.976917739592318 
0.101 0.9765902112743227 
0.10200000000000001 0.9762611276118867 
0.10300000000000001 0.9759304810780849 
0.10400000000000001 0.9755982661488072 
0.105 0.9752644752582834 
0.106 0.9749291028654421 
0.107 0.9745921413661721 
0.108 0.9742535852031676 
0.109 0.9739134267344974 
0.11 0.973571660387373 
0.111 0.9732282784825877 
0.112 0.9728832754326426 
0.113 0.9725366435216241 
0.114 0.9721883771481168 
0.115 0.9718384685600907 
0.116 0.9714869121430342 
0.117 0.971133700109413 
0.11800000000000001 0.9707788268324627 
0.11900000000000001 0.9704222844897817 
0.12 0.9700640674432195 
0.121 0.9697041678361676 
0.122 0.9693425800199821 
0.123 0.9689792961045307 
0.124 0.9686143104315945 
0.125 0.9682476150782239 
0.126 0.9678792043775699 
0.127 0.9675090703745964 
0.128 0.9671372073947943 
0.129 0.9667636074517978 
0.13 0.9663882648644327 
0.131 0.9660111716157865 
0.132 0.9656323220190411 
0.133 0.9652517080275446 
0.134 0.9648693239498847 
0.135 0.9644851617105031 
0.136 0.9640992156144683 
0.137 0.963711477558177 
0.138 0.9633219418442812 
0.139 0.9629306003420173 
0.14 0.9625374473527528 
0.14100000000000001 0.9621424747194774 
0.14200000000000002 0.961745676743432 
0.14300000000000002 0.9613470452423004 
0.14400000000000002 0.960946574518384 
0.145 0.9605442563650274 
0.146 0.9601400850868091 
0.147 0.9597340524537302 
0.148 0.9593261527738898 
0.149 0.9589163777949692 
0.15 0.9585047218298626 
0.151 0.958091176604983 
0.152 0.9576757364393207 
0.153 0.9572583930391022 
0.154 0.9568391407307468 
0.155 0.9564179712014038 
0.156 0.955994878786283 
0.157 0.9555698551545952 
0.158 0.9551428946517327 
0.159 0.9547139889301364 
0.16 0.9542831323468025 
0.161 0.9538503165385993 
0.162 0.9534155358755818 
0.163 0.9529787819802713 
0.164 0.9525400492372653 
0.165 0.9520993292559962 
0.166 0.951656616437118 
0.167 0.9512119023782613 
0.168 0.9507651814976822 
0.169 0.9503164453825288 
0.17 0.9498656884702347 
0.171 0.9494129023388138 
0.17200000000000001 0.9489580814464869 
0.17300000000000001 0.9485012173635111 
0.17400000000000002 0.948042304570535 
0.17500000000000002 0.9475813346314694 
0.176 0.9471183020510612 
0.177 0.9466531983883165 
0.178 0.946186018173783 
0.179 0.9457167529630346 
0.18 0.9452453973141546 
0.181 0.9447719427807882 
0.182 0.9442963839503219 
0.183 0.9438187123760061 
0.184 0.9433389226763286 
0.185 0.9428570064057121 
0.186 0.9423729582155764 
0.187 0.941886769663114 
0.188 0.9413984354345388 
0.189 0.9409079470914424 
0.19 0.9404152993567281 
0.191 0.9399204837980478 
0.192 0.939423495176919 
0.193 0.9389243250687467 
0.194 0.9384229682756219 
0.195 0.9379194163824258 
0.196 0.9374136642338134 
0.197 0.9369057034258972 
0.198 0.9363955288479185 
0.199 0.9358831321090068 
0.2 0.9353685081450449 
0.201 0.934851648579996 
0.202 0.9343325483984702 
0.203 0.9338111992411143 
0.20400000000000001 0.933287596143381 
0.20500000000000002 0.9327617307644811 
0.20600000000000002 0.9322335981928586 
0.20700000000000002 0.931703190108199 
0.20800000000000002 0.9311705016541163 
0.209 0.9306355245327128 
0.21 0.9300982539449829 
0.211 0.9295586816174167 
0.212 0.9290168028106303 
0.213 0.9284726092775037 
0.214 0.9279260963405455 
0.215 0.9273772557810585 
0.216 0.9268260829857446 
0.217 0.9262725697663908 
0.218 0.9257167115762239 
0.219 0.9251585002596072 
0.22 0.9245979313386502 
0.221 0.924034996692414 
0.222 0.9234696919142803 
0.223 0.9229020089201574 
0.224 0.9223319433771169 
0.225 0.92175948724009 
0.226 0.9211846362522856 
0.227 0.9206073824098636 
0.228 0.920027721534643 
0.229 0.9194456456662442 
0.23 0.9188611507075979 
0.231 0.9182742287440443 
0.232 0.9176848757621535 
0.233 0.9170930838952708 
0.234 0.9164988492161593 
0.23500000000000001 0.9159021639084827 
0.23600000000000002 0.9153030241337737 
0.23700000000000002 0.9147014221283519 
0.23800000000000002 0.9140973541451252 
0.23900000000000002 0.9134908124754302 
0.24 0.9128817934661755 
0.241 0.9122702894661021 
0.242 0.9116562969187721 
0.243 0.9110398082327389 
0.244 0.9104208199508912 
0.245 0.9097993245440282 
0.246 0.90917531865706 
0.247 0.9085487948254856 
0.248 0.9079197497989543 
0.249 0.9072881761801396 
0.25 0.9066540708261666 
0.251 0.9060174264093794 
0.252 0.9053782398971363 
0.253 0.9047365040339663 
0.254 0.9040922159002347 
0.255 0.9034453683151907 
0.256 0.9027959584749996 
0.257 0.9021439792761801 
0.258 0.9014894280335083 
0.259 0.9008322977233413 
0.26 0.9001725857818899 
0.261 0.8995102852679323 
0.262 0.898845393741954 
0.263 0.8981779043477552 
0.264 0.8975078147729466 
0.265 0.8968351182489619 
0.266 0.8961598125934046 
0.267 0.8954818911279646 
0.268 0.8948013518031162 
0.269 0.8941181880334408 
0.27 0.8934323979051699 
0.271 0.8927439749284226 
0.272 0.8920529173280836 
0.273 0.8913592187124647 
0.274 0.8906628774480057 
0.275 0.8899638872438752 
0.276 0.8892622466109767 
0.277 0.8885579493620052 
0.278 0.8878509941552426 
0.279 0.8871413749095838 
0.28 0.886429090433606 
0.281 0.8857141347550842 
0.28200000000000003 0.8849965068358099 
0.28300000000000003 0.8842762008151185 
0.28400000000000003 0.8835532158109375 
0.28500000000000003 0.8828275460768426 
0.28600000000000003 0.8820991908898173 
0.28700000000000003 0.8813681446203593 
0.28800000000000003 0.8806344067074264 
0.289 0.8798979716411165 
0.29 0.8791588390252741 
0.291 0.8784170034722759 
0.292 0.8776724647537594 
0.293 0.8769252176070502 
0.294 0.8761752619744811 
0.295 0.8754225927209901 
0.296 0.8746672099624982 
0.297 0.8739091086942118 
0.298 0.8731482892085208 
0.299 0.8723847466335479 
0.3 0.8716184814410209 
0.301 0.8708494888946137 
0.302 0.8700777696482481 
0.303 0.8693033191037696 
0.304 0.8685261381001356 
0.305 0.8677462221799691 
0.306 0.8669635723700864 
0.307 0.8661781843564781 
0.308 0.8653900593566229 
0.309 0.864599193202451 
0.31 0.8638055873048854 
0.311 0.8630092376443471 
0.312 0.8622101458279636 
0.313 0.8614083079871763 
0.314 0.8606037259280511 
0.315 0.8597963959355556 
0.316 0.8589863200174025 
0.317 0.8581734946145643 
0.318 0.8573579219390803 
0.319 0.8565395985903801 
0.32 0.855718526987478 
0.321 0.8548947038906828 
0.322 0.8540681319286003 
0.323 0.853238808024809 
0.324 0.8524067350200883 
0.325 0.8515719100036426 
0.326 0.8507343360309707 
0.327 0.849894010359225 
0.328 0.8490509362611293 
0.329 0.8482051111640678 
0.33 0.8473565385604573 
0.331 0.8465052160501568 
0.332 0.8456511473477 
0.333 0.8447943302276242 
0.334 0.8439347686289587 
0.335 0.8430724605030793 
0.336 0.8422074100158423 
0.337 0.8413396152975766 
0.338 0.8404690807432496 
0.339 0.8395958046642096 
0.34 0.8387197916867675 
0.341 0.8378410403053097 
0.342 0.836959555379669 
0.343 0.8360753355892364 
0.34400000000000003 0.8351883860294925 
0.34500000000000003 0.8342987055667437 
0.34600000000000003 0.8334062995341875 
0.34700000000000003 0.8325111669869026 
0.34800000000000003 0.8316133134978129 
0.34900000000000003 0.8307127383125681 
0.35000000000000003 0.829809447245767 
0.35100000000000003 0.8289034397353703 
0.352 0.8279947218395363 
0.353 0.8270832931902166 
0.354 0.8261691600909485 
0.355 0.8252523223692889 
0.356 0.8243327865759081 
0.357 0.8234105527355179 
0.358 0.8224856276476052 
0.359 0.82155801153552 
0.36 0.8206277114491783 
0.361 0.8196947278119823 
0.362 0.818759067925817 
0.363 0.8178207324154785 
0.364 0.816879728836287 
0.365 0.8159360580157015 
0.366 0.8149897277638669 
0.367 0.814040739112099 
0.368 0.8130891001266776 
0.369 0.812134812043893 
0.37 0.81117788318739 
0.371 0.8102183149994736 
0.372 0.8092561160623005 
0.373 0.8082912880251504 
0.374 0.8073238397297554 
0.375 0.8063537730332477 
0.376 0.8053810970379135 
0.377 0.804405813809531 
0.378 0.8034279327118312 
0.379 0.8024474560199489 
0.38 0.8014643933598599 
0.381 0.8004787472166794 
0.382 0.7994905274793389 
0.383 0.7984997368434692 
0.384 0.7975063854615754 
0.385 0.7965104762402495 
0.386 0.7955120195960957 
0.387 0.7945110186470208 
0.388 0.7935074840741594 
0.389 0.7925014192069934 
0.39 0.7914928349915222 
0.391 0.7904817349689711 
0.392 0.7894681303504398 
0.393 0.7884520248889705 
0.394 0.7874334300608993 
0.395 0.7864123498310627 
0.396 0.7853887959410704 
0.397 0.7843627725674325 
0.398 0.783334291716967 
0.399 0.7823033577776385 
0.4 0.7812699830213075 
0.401 0.780234172047074 
0.402 0.7791959373915702 
0.403 0.7781552838646134 
0.404 0.7771122242672321 
0.405 0.776066763619441 
0.406 0.7750189149861859 
0.40700000000000003 0.7739686835970557 
0.40800000000000003 0.7729160827803273 
0.40900000000000003 0.7718611179744402 
0.41000000000000003 0.7708038027703087 
0.41100000000000003 0.7697441428143947 
0.41200000000000003 0.7686821519594507 
0.41300000000000003 0.7676178360590274 
0.41400000000000003 0.7665512092268081 
0.41500000000000004 0.765482277522397 
0.41600000000000004 0.76441105531939 
0.417 0.7633375488823035 
0.418 0.7622617728435215 
0.419 0.761183733671226 
0.42 0.7601034462553536 
0.421 0.7590209172664015 
0.422 0.7579361618505148 
0.423 0.7568491868790471 
0.424 0.7557600077528998 
0.425 0.7546686315427198 
0.426 0.7535750739026018 
0.427 0.7524793421008171 
0.428 0.751381452042982 
0.429 0.7502814111932178 
0.43 0.7491792357068805 
0.431 0.7480749332420612 
0.432 0.7469685202019669 
0.433 0.7458600044366719 
0.434 0.7447494025952357 
0.435 0.7436367227176258 
0.436 0.742521981696647 
0.437 0.7414051877599662 
0.438 0.7402863580419176 
0.439 0.7391655009555708 
0.44 0.738042633874465 
0.441 0.7369177653946729 
0.442 0.7357909131265101 
0.443 0.7346620858465489 
0.444 0.7335313013993453 
0.445 0.7323985687393677 
0.446 0.7312639059427719 
0.447 0.7301273221392174 
0.448 0.7289888356337167 
0.449 0.7278484557283144 
0.45 0.7267062009540329 
0.451 0.7255620807823998 
0.452 0.7244161139674967 
0.453 0.7232683101473361 
0.454 0.7221186882960081 
0.455 0.7209672582149134 
0.456 0.7198140390950025 
0.457 0.718659040897873 
0.458 0.7175022830280898 
0.459 0.716343775604163 
0.46 0.7151835382409284 
0.461 0.7140215812104332 
0.462 0.712857924334347 
0.463 0.711692578034788 
0.464 0.7105255623367286 
0.465 0.7093568878088036 
0.466 0.7081865746756667 
0.467 0.707014633648829 
0.468 0.7058410851489132 
0.46900000000000003 0.704665940026583 
0.47000000000000003 0.7034892188946298 
0.47100000000000003 0.7023109327390618 
0.47200000000000003 0.7011311023609548 
0.47300000000000003 0.6999497388777739 
0.47400000000000003 0.6987668632749106 
0.47500000000000003 0.6975824867973199 
0.47600000000000003 0.6963966306106603 
0.47700000000000004 0.6952093060833324 
0.47800000000000004 0.6940205345571341 
0.47900000000000004 0.6928303275197948 
0.48 0.6916387064850449 
0.481 0.6904456830557556 
0.482 0.6892512789133092 
0.483 0.6880555057714607 
0.484 0.6868583854748923 
0.485 0.6856599298439188 
0.486 0.6844601608821014 
0.487 0.6832590905119246 
0.488 0.6820567408913402 
0.489 0.6808531240405534 
0.49 0.6796482622673532 
0.491 0.678442167685156 
0.492 0.6772348627469733 
0.493 0.6760263596548681 
0.494 0.6748166810024014 
0.495 0.6736058390756626 
0.496 0.6723938566040336 
0.497 0.6711807459529605 
0.498 0.6699665299828647 
0.499 0.6687512211338283 
0.5 0.6675348423924828 
0.501 0.6663174062687828 
0.502 0.6650989358706894 
0.503 0.663879443773225 
0.504 0.662658953200756 
0.505 0.661437476788529 
0.506 0.6602150378723511 
0.507 0.6589916491428114 
0.508 0.6577673340421555 
0.509 0.656542105311401 
0.51 0.6553159864941926 
0.511 0.6540889903770349 
0.512 0.6528611405999005 
0.513 0.651632449989809 
0.514 0.6504029422779627 
0.515 0.6491726303269032 
0.516 0.6479415379539356 
0.517 0.6467096780521083 
0.518 0.6454770745196832 
0.519 0.6442437402751817 
0.52 0.6430096992926553 
0.521 0.6417749645110514 
0.522 0.6405395599750284 
0.523 0.6393034986389019 
0.524 0.6380668046127392 
0.525 0.6368294908611586 
0.526 0.6355915815544302 
0.527 0.6343530896624033 
0.528 0.6331140394103388 
0.529 0.6318744437682436 
0.53 0.6306343270111524 
0.531 0.6293937021041582 
0.532 0.628152593366854 
0.533 0.626911013754351 
0.534 0.6256689876255866 
0.535 0.6244265279206309 
0.536 0.623183659032558 
0.537 0.6219403938813484 
0.538 0.6206967568890154 
0.539 0.6194527609504125 
0.54 0.6182084305113077 
0.541 0.6169637784364104 
0.542 0.6157188291900708 
0.543 0.614473595601857 
0.544 0.6132281021495497 
0.545 0.6119823616225997 
0.546 0.6107363985070874 
0.547 0.6094902255473981 
0.548 0.6082438672328052 
0.549 0.6069973362577079 
0.55 0.6057506571094947 
0.551 0.6045038424276898 
0.552 0.6032569166927478 
0.553 0.6020098924844653 
0.554 0.600762794271347 
0.555 0.5995156345686461 
0.556 0.5982684378279383 
0.557 0.5970212164951567 
0.558 0.5957739950000086 
0.559 0.5945267857143739 
0.56 0.5932796130411933 
0.561 0.5920324892736047 
0.562 0.5907854387829288 
0.5630000000000001 0.5895384737789232 
0.5640000000000001 0.5882916185964803 
0.5650000000000001 0.5870448853573884 
0.5660000000000001 0.5857982983553549 
0.5670000000000001 0.5845518696196638 
0.5680000000000001 0.5833056233981311 
0.5690000000000001 0.5820595716230564 
0.5700000000000001 0.580813738491715 
0.5710000000000001 0.579568135835 
0.5720000000000001 0.5783227877950508 
0.5730000000000001 0.5770777060969928 
0.5740000000000001 0.5758329148232958 
0.5750000000000001 0.5745884255890185 
0.5760000000000001 0.5733442624124865 
0.577 0.572100436794459 
0.578 0.5708569726847076 
0.579 0.569613881465524 
0.58 0.5683711870137828 
0.581 0.5671289005892093 
0.582 0.5658870459915047 
0.583 0.5646456343538013 
0.584 0.5634046893944196 
0.585 0.5621642221159445 
0.586 0.5609242561511807 
0.587 0.5596848023682852 
0.588 0.558445884310486 
0.589 0.5572075127077079 
0.59 0.5559697110096161 
0.591 0.5547324898041766 
0.592 0.5534958724435822 
0.593 0.5522598693701934 
0.594 0.5510245038349005 
0.595 0.5497897861308907 
0.596 0.5485557394040019 
0.597 0.5473223737947641 
0.598 0.5460897123402924 
0.599 0.5448577650250604 
0.6 0.5436265547738723 
0.601 0.5423960914118311 
0.602 0.5411663977479254 
0.603 0.5399374834446586 
0.604 0.5387093711917856 
0.605 0.5374820704860687 
0.606 0.5362556038946965 
0.607 0.535029980745635 
0.608 0.5338052234802633 
0.609 0.5325813412547842 
0.61 0.5313583563816107 
0.611 0.530136277842308 
0.612 0.5289151278172542 
0.613 0.527694915110592 
0.614 0.5264756617676858 
0.615 0.5252573764125633 
0.616 0.5240400809526864 
0.617 0.5228237838293663 
0.618 0.5216085068093649 
0.619 0.5203942581487672 
0.62 0.51918105947093 
0.621 0.5179689188442943 
0.622 0.5167578577461999 
0.623 0.5155478840551186 
0.624 0.5143390190998518 
0.625 0.5131312705666728 
0.626 0.5119246596334142 
0.627 0.5107191937920149 
0.628 0.5095148940670022 
0.629 0.5083117677539376 
0.63 0.5071098357218004 
0.631 0.5059091050678244 
0.632 0.5047095965032904 
0.633 0.5035113169252495 
0.634 0.5023142868852264 
0.635 0.5011185130783274 
0.636 0.4999240158943558 
0.637 0.49873080182480545 
0.638 0.49753889109588606 
0.639 0.4963482899939029 
0.64 0.49515901857969347 
0.641 0.4939710829328921 
0.642 0.492784502947275 
0.643 0.4915992844944171 
0.644 0.49041544729943776 
0.645 0.48923299702455303 
0.646 0.48805195322472295 
0.647 0.48687232135159797 
0.648 0.4856941207885648 
0.649 0.48451735677559316 
0.65 0.4833420485231742 
0.651 0.4821682010585705 
0.652 0.4809958334181458 
0.653 0.47982495041551876 
0.654 0.4786555709117825 
0.655 0.47748769950606595 
0.656 0.476321354883134 
0.657 0.47515654142686875 
0.658 0.4739932776447393 
0.659 0.47283156770470847 
0.66 0.47167142993606864 
0.661 0.47051286829027983 
0.662 0.46935590091766105 
0.663 0.4682005315526691 
0.664 0.4670467781659411 
0.665 0.4658946442745153 
0.666 0.4647441476687207 
0.667 0.46359529164784463 
0.668 0.4624480938213643 
0.669 0.46130255727056746 
0.67 0.460158699423619 
0.671 0.45901652314363717 
0.672 0.45787604567709456 
0.673 0.4567372696688523 
0.674 0.45560021218338836 
0.675 0.45446487564729926 
0.676 0.45333127694284425 
0.677 0.45219941827842347 
0.678 0.451069316353933 
0.679 0.4499409731597213 
0.68 0.4488144052132509 
0.681 0.4476896142870389 
0.682 0.4465666167161196 
0.683 0.4454454140554713 
0.684 0.44432602245777997 
0.685 0.4432084432608497 
0.686 0.4420926924351692 
0.687 0.4409787711018056 
0.6880000000000001 0.43986669504927045 
0.6890000000000001 0.4387564651824009 
0.6900000000000001 0.43764809710802194 
0.6910000000000001 0.43654159151531435 
0.6920000000000001 0.43543696382977604 
0.6930000000000001 0.4343342145255715 
0.6940000000000001 0.4332333588472968 
0.6950000000000001 0.43213439705480694 
0.6960000000000001 0.4310373442122851 
0.6970000000000001 0.42994220036604647 
0.6980000000000001 0.42884898040041525 
0.6990000000000001 0.4277576841489987 
0.7000000000000001 0.42666832631687696 
0.7010000000000001 0.4255809065258427 
0.7020000000000001 0.4244954393024082 
0.7030000000000001 0.4234119240575014 
0.704 0.4223303751398038 
0.705 0.42125079175038765 
0.706 0.4201731880608951 
0.707 0.41909756306360846 
0.708 0.4180239307539796 
0.709 0.41695228991662026 
0.71 0.4158826543716953 
0.711 0.41481502269731796 
0.712 0.41374940853932335 
0.713 0.4126858102705484 
0.714 0.41162424136350706 
0.715 0.41056469998703415 
0.716 0.4095071994413788 
0.717 0.4084517376926948 
0.718 0.40739832787007396 
0.719 0.40634696773835705 
0.72 0.4052976702566302 
0.721 0.4042504329898354 
0.722 0.4032052687282511 
0.723 0.4021621748383763 
0.724 0.4011211639429246 
0.725 0.40008223321144976 
0.726 0.3990453951003852 
0.727 0.3980106465838784 
0.728 0.396977999953407 
0.729 0.39594745198929 
0.73 0.3949190148194131 
0.731 0.3938926850318822 
0.732 0.3928684745923919 
0.733 0.39184637989848664 
0.734 0.3908264127551073 
0.735 0.38980856937092134 
0.736 0.38879286139158986 
0.737 0.3877792848386196 
0.738 0.38676785119989837 
0.739 0.38575855631152123 
0.74 0.38475141150513914 
0.741 0.38374641243321483 
0.742 0.3827435702727307 
0.743 0.38174288049432364 
0.744 0.3807443541219042 
0.745 0.37974798644611724 
0.746 0.37875378833942575 
0.747 0.377761754914342 
0.748 0.37677189689353086 
0.749 0.3757842092132557 
0.75 0.37479870244805846 
0.751 0.37381537135985987 
0.752 0.3728342263767757 
0.753 0.37185526208831193 
0.754 0.3708784887778787 
0.755 0.3699039008645137 
0.756 0.3689315084886622 
0.757 0.36796130590085935 
0.758 0.3669933031003456 
0.759 0.36602749417113645 
0.76 0.3650638889730454 
0.761 0.36410248142556706 
0.762 0.36314328125088274 
0.763 0.36218628220597987 
0.764 0.36123149387721754 
0.765 0.3602789098611029 
0.766 0.3593285396099969 
0.767 0.3583803765619669 
0.768 0.3574344300372123 
0.769 0.3564906933174101 
0.77 0.35554917559244875 
0.771 0.35460986998967425 
0.772 0.35367278557052445 
0.773 0.352737915310082 
0.774 0.35180526814320506 
0.775 0.3508748368947889 
0.776 0.3499466303749893 
0.777 0.3490206412605972 
0.778 0.3480968782389511 
0.779 0.3471753338408266 
0.78 0.34625601663263483 
0.781 0.3453389190012296 
0.782 0.3444240493939908 
0.783 0.3435114000559461 
0.784 0.3426009793173463 
0.785 0.34169277928348935 
0.786 0.3407868081694013 
0.787 0.33988305794274976 
0.788 0.3389815367052429 
0.789 0.3380822362890165 
0.79 0.337185164684369 
0.791 0.336290313590003 
0.792 0.3353976908867153 
0.793 0.3345072881418726 
0.794 0.3336191131286774 
0.795 0.3327331572852555 
0.796 0.33184942827912084 
0.797 0.33096791742125037 
0.798 0.330088632275373 
0.799 0.3292115640274032 
0.8 0.3283367201391874 
0.801 0.32746409167365853 
0.802 0.3265936859926788 
0.803 0.32572549403827405 
0.804 0.32485952307421656 
0.805 0.3239957639236942 
0.806 0.3231342237542768 
0.807 0.32227489327237646 
0.808 0.32141777955124123 
0.809 0.32056287318256255 
0.81 0.31971018114714134 
0.811 0.31885969392399277 
0.812 0.3180114184033387 
0.8130000000000001 0.3171653449535541 
0.8140000000000001 0.3163214803761403 
0.8150000000000001 0.3154798149308581 
0.8160000000000001 0.3146403553323388 
0.8170000000000001 0.31380309173374493 
0.8180000000000001 0.3129680307646783 
0.8190000000000001 0.31213516247370654 
0.8200000000000001 0.31130449340723365 
0.8210000000000001 0.3104760135112247 
0.8220000000000001 0.30964972925070555 
0.8230000000000001 0.30882563047101996 
0.8240000000000001 0.3080037235576243 
0.8250000000000001 0.30718399825720777 
0.8260000000000001 0.3063664608774553 
0.8270000000000001 0.3055511010683548 
0.8280000000000001 0.3047379250616067 
0.8290000000000001 0.3039269224124359 
0.8300000000000001 0.3031180992783317 
0.8310000000000001 0.3023114451216818 
0.8320000000000001 0.3015069660275247 
0.833 0.3007046513673204 
0.834 0.2999045071554038 
0.835 0.29910652267420285 
0.836 0.2983107038690814 
0.837 0.29751703993531425 
0.838 0.2967255367510134 
0.839 0.2959361834261639 
0.84 0.2951489857733301 
0.841 0.2943639328190539 
0.842 0.29358103031204136 
0.843 0.2928002671972211 
0.844 0.29202164916111456 
0.845 0.291245165068851 
0.846 0.2904708205464246 
0.847 0.28969860438096073 
0.848 0.288928522139569 
0.849 0.28816056253314887 
0.85 0.2873947310715513 
0.851 0.28663101639120947 
0.852 0.2858694239463253 
0.853 0.2851099423006076 
0.854 0.28435257685420195 
0.855 0.2835973160998163 
0.856 0.2828441653851152 
0.857 0.2820931131335101 
0.858 0.28134416464174355 
0.859 0.2805973082656167 
0.86 0.27985254925249026 
0.861 0.2791098758922222 
0.862 0.2783692933843151 
0.863 0.2776307899543304 
0.864 0.27689437075541895 
0.865 0.27616002395047373 
0.866 0.27542775464778135 
0.867 0.2746975509491753 
0.868 0.27396941791954693 
0.869 0.2732433436012601 
0.87 0.2725193330172617 
0.871 0.2717973741520145 
0.872 0.2710774719879551 
0.873 0.2703596144531948 
0.874 0.26964380649107306 
0.875 0.26893003597487986 
0.876 0.26821830781025463 
0.877 0.2675086098171735 
0.878 0.26680094686495415 
0.879 0.2660953067217491 
0.88 0.26539169422191217 
0.881 0.26469009708324104 
0.882 0.26399052010646634 
0.883 0.26329295096047983 
0.884 0.2625973944137106 
0.885 0.26190383808757267 
0.886 0.2612122867194965 
0.887 0.26052272788482633 
0.888 0.2598351662912786 
0.889 0.25914958946951566 
0.89 0.2584660020988049 
0.891 0.2577843916664949 
0.892 0.2571047628246501 
0.893 0.25642710301865296 
0.894 0.2557514168745927 
0.895 0.255077691797213 
0.896 0.25440593238783693 
0.897 0.2537361260118761 
0.898 0.2530682772470783 
0.899 0.2524023734208094 
0.9 0.2517384190884136 
0.901 0.2510764015404784 
0.902 0.25041632531109714 
0.903 0.24975817765532524 
0.904 0.2491019630871401 
0.905 0.24844766882729188 
0.906 0.24779529937075803 
0.907 0.2471448419051903 
0.908 0.24649630090766306 
0.909 0.24584966353391788 
0.91 0.24520493424420425 
0.911 0.24456210016352123 
0.912 0.24392116573635453 
0.913 0.2432821180581082 
0.914 0.24264496155854715 
0.915 0.24200968330460818 
0.916 0.2413762877123602 
0.917 0.24074476182138174 
0.918 0.24011511003505231 
0.919 0.2394873193666817 
0.92 0.23886139420794844 
0.921 0.23823732154696406 
0.922 0.23761510576467715 
0.923 0.23699473382505273 
0.924 0.23637621009926194 
0.925 0.2357595215281562 
0.926 0.23514467247406515 
0.927 0.23453164985573985 
0.928 0.23392045802758699 
0.929 0.23331108388725252 
0.93 0.23270353178212053 
0.931 0.232097788589709 
0.932 0.2314938586512639 
0.933 0.230891728825133 
0.934 0.23029140344729035 
0.935 0.22969286935785452 
0.936 0.22909613088837782 
0.937 0.22850117486167162 
0.9380000000000001 0.227908005605699 
0.9390000000000001 0.2273166099268691 
0.9400000000000001 0.22672699215037326 
0.9410000000000001 0.2261391390671039 
0.9420000000000001 0.22555305500028097 
0.9430000000000001 0.22496872672615018 
0.9440000000000001 0.22438615856674393 
0.9450000000000001 0.22380533728451277 
0.9460000000000001 0.22322626720106967 
0.9470000000000001 0.22264893506590439 
0.9480000000000001 0.22207334520096342 
0.9490000000000001 0.2214994843435928 
0.9500000000000001 0.22092735681680842 
0.9510000000000001 0.22035694934661443 
0.9520000000000001 0.21978826625781667 
0.9530000000000001 0.2192212942658608 
0.9540000000000001 0.21865603769804906 
0.9550000000000001 0.21809248326003589 
0.9560000000000001 0.21753063528231037 
0.9570000000000001 0.21697048046148645 
0.9580000000000001 0.21641202313191601 
0.9590000000000001 0.21585524998190728 
0.96 0.21530016535033494 
0.961 0.21474675591792017 
0.962 0.214195026028706 
0.963 0.21364496235652813 
0.964 0.21309656925122555 
0.965 0.21254983338043112 
0.966 0.21200475910038505 
0.967 0.21146133307316795 
0.968 0.21091955966198264 
0.969 0.210379425523935 
0.97 0.2098409350296256 
0.971 0.20930407483153565 
0.972 0.2087688493076758 
0.973 0.2082352451054494 
0.974 0.2077032666087634 
0.975 0.2071729004565595 
0.976 0.20664415103148975 
0.977 0.20611700494979093 
0.978 0.20559146656473984 
0.979 0.20506752241508985 
0.98 0.20454517671817152 
0.981 0.20402441572849503 
0.982 0.2035052431260744 
0.983 0.20298764410212172 
0.984 0.2024716202856058 
0.985 0.20195715286153795 
0.986 0.2014442356797292 
0.987 0.20093283476121143 
0.988 0.20042291441616192 
0.989 0.19991438302769873 
0.99 0.1994070923576055 
0.991 0.19890073076882092 
0.992 0.19839471936146355 
0.993 0.19788790245419163 
0.994 0.1973780437440329 
0.995 0.19686072549090006 
0.996 0.1963272664834192 
0.997 0.19576045344316376 
0.998 0.1951261679660923 
0.999 0.19435936413327987 
1.0 0.193388 
