   0.0000000000000000        1.0000000000000000     
   1.0000000000000000E-003  0.99979303279485399     
   2.0000000000000000E-003  0.99958507949403352     
   3.0000000000000001E-003  0.99937613542287318     
   4.0000000000000001E-003  0.99916619585617306     
   5.0000000000000001E-003  0.99895525607075131     
   6.0000000000000001E-003  0.99874331132795036     
   7.0000000000000001E-003  0.99853035683824121     
   8.0000000000000002E-003  0.99831638784955712     
   8.9999999999999993E-003  0.99810139954119248     
   1.0000000000000000E-002  0.99788538709451247     
   1.0999999999999999E-002  0.99766834565744622     
   1.2000000000000000E-002  0.99745027039794898     
   1.2999999999999999E-002  0.99723115639688931     
   1.4000000000000000E-002  0.99701099879092725     
   1.4999999999999999E-002  0.99678979264734990     
   1.6000000000000000E-002  0.99656753303562318     
   1.7000000000000001E-002  0.99634421499146975     
   1.7999999999999999E-002  0.99611983357096379     
   1.9000000000000000E-002  0.99589438374215966     
   2.0000000000000000E-002  0.99566786051149991     
   2.1000000000000001E-002  0.99544025886977716     
   2.1999999999999999E-002  0.99521157373745983     
   2.3000000000000000E-002  0.99498180005549453     
   2.4000000000000000E-002  0.99475093273077297     
   2.5000000000000001E-002  0.99451896667264017     
   2.5999999999999999E-002  0.99428589675634449     
   2.7000000000000000E-002  0.99405171784128032     
   2.8000000000000001E-002  0.99381642473411980     
   2.9000000000000001E-002  0.99358001228086390     
   2.9999999999999999E-002  0.99334247527482478     
   3.1000000000000000E-002  0.99310380851193625     
   3.2000000000000001E-002  0.99286400671660435     
   3.3000000000000002E-002  0.99262306467155093     
   3.4000000000000002E-002  0.99238097706927642     
   3.5000000000000003E-002  0.99213773864223154     
   3.5999999999999997E-002  0.99189334405098784     
   3.6999999999999998E-002  0.99164778799633024     
   3.7999999999999999E-002  0.99140106508818437     
   3.9000000000000000E-002  0.99115316997681091     
   4.0000000000000001E-002  0.99090409727786166     
   4.1000000000000002E-002  0.99065384159113801     
   4.2000000000000003E-002  0.99040239746271297     
   4.2999999999999997E-002  0.99014975946054928     
   4.3999999999999997E-002  0.98989592211781730     
   4.4999999999999998E-002  0.98964087997086581     
   4.5999999999999999E-002  0.98938462750213918     
   4.7000000000000000E-002  0.98912715917810889     
   4.8000000000000001E-002  0.98886846948765883     
   4.9000000000000002E-002  0.98860855288485294     
   5.0000000000000003E-002  0.98834740375028485     
   5.0999999999999997E-002  0.98808501650627423     
   5.1999999999999998E-002  0.98782138557881327     
   5.2999999999999999E-002  0.98755650528162320     
   5.3999999999999999E-002  0.98729037000924524     
   5.5000000000000000E-002  0.98702297406308981     
   5.6000000000000001E-002  0.98675431176756601     
   5.7000000000000002E-002  0.98648437745099249     
   5.8000000000000003E-002  0.98621316532852887     
   5.8999999999999997E-002  0.98594066971673111     
   5.9999999999999998E-002  0.98566688483848508     
   6.0999999999999999E-002  0.98539180492060652     
   6.2000000000000000E-002  0.98511542415467468     
   6.3000000000000000E-002  0.98483773675610475     
   6.4000000000000001E-002  0.98455873686569773     
   6.5000000000000002E-002  0.98427841864818821     
   6.6000000000000003E-002  0.98399677625296944     
   6.7000000000000004E-002  0.98371380377436846     
   6.8000000000000005E-002  0.98342949531109913     
   6.9000000000000006E-002  0.98314384498647855     
   7.0000000000000007E-002  0.98285684680882057     
   7.0999999999999994E-002  0.98256849487098008     
   7.1999999999999995E-002  0.98227878317062245     
   7.2999999999999995E-002  0.98198770573024319     
   7.3999999999999996E-002  0.98169525657744994     
   7.4999999999999997E-002  0.98140142962402943     
   7.5999999999999998E-002  0.98110621890788752     
   7.6999999999999999E-002  0.98080961831060354     
   7.8000000000000000E-002  0.98051162179991802     
   7.9000000000000001E-002  0.98021222326793855     
   8.0000000000000002E-002  0.97991141659180125     
   8.1000000000000003E-002  0.97960919569503380     
   8.2000000000000003E-002  0.97930555440491907     
   8.3000000000000004E-002  0.97900048659534822     
   8.4000000000000005E-002  0.97869398606419211     
   8.5000000000000006E-002  0.97838604663572515     
   8.5999999999999993E-002  0.97807666209921007     
   8.6999999999999994E-002  0.97776582625011277     
   8.7999999999999995E-002  0.97745353282825853     
   8.8999999999999996E-002  0.97713977562124443     
   8.9999999999999997E-002  0.97682454834040255     
   9.0999999999999998E-002  0.97650784468276430     
   9.1999999999999998E-002  0.97618965839373206     
   9.2999999999999999E-002  0.97586998312143747     
   9.4000000000000000E-002  0.97554881256263515     
   9.5000000000000001E-002  0.97522614037945277     
   9.6000000000000002E-002  0.97490196017826536     
   9.7000000000000003E-002  0.97457626561469313     
   9.8000000000000004E-002  0.97424905028878228     
   9.9000000000000005E-002  0.97392030780812811     
  0.10000000000000001       0.97359003176698600     
  0.10100000000000001       0.97325821570392812     
  0.10199999999999999       0.97292485318658339     
  0.10299999999999999       0.97258993776953828     
  0.10400000000000000       0.97225346295175508     
  0.10500000000000000       0.97191542228317640     
  0.10600000000000000       0.97157580921549169     
  0.10700000000000000       0.97123461729458227     
  0.10800000000000000       0.97089183994662631     
  0.10900000000000000       0.97054747067107394     
  0.11000000000000000       0.97020150286891105     
  0.11100000000000000       0.96985393001494125     
  0.11200000000000000       0.96950474550706978     
  0.11300000000000000       0.96915394277433109     
  0.11400000000000000       0.96880151521217572     
  0.11500000000000000       0.96844745618239303     
  0.11600000000000001       0.96809175907849965     
  0.11700000000000001       0.96773441726067277     
  0.11799999999999999       0.96737542407757959     
  0.11899999999999999       0.96701477288844639     
  0.12000000000000000       0.96665245697544855     
  0.12100000000000000       0.96628846969741555     
  0.12200000000000000       0.96592280433630351     
  0.12300000000000000       0.96555545420726352     
  0.12400000000000000       0.96518641259273052     
  0.12500000000000000       0.96481567276455238     
  0.12600000000000000       0.96444322798412407     
  0.12700000000000000       0.96406907150253240     
  0.12800000000000000       0.96369319658300800     
  0.12900000000000000       0.96331559645656950     
  0.13000000000000000       0.96293626434435686     
  0.13100000000000001       0.96255519348021867     
  0.13200000000000001       0.96217237706611125     
  0.13300000000000001       0.96178780831708255     
  0.13400000000000001       0.96140148039394957     
  0.13500000000000001       0.96101338653865565     
  0.13600000000000001       0.96062351987146233     
  0.13700000000000001       0.96023187361692164     
  0.13800000000000001       0.95983844090054082     
  0.13900000000000001       0.95944321490748463     
  0.14000000000000001       0.95904618876932279     
  0.14099999999999999       0.95864735563233106     
  0.14199999999999999       0.95824670865786743     
  0.14299999999999999       0.95784424095395515     
  0.14399999999999999       0.95743994566693402     
  0.14499999999999999       0.95703381591300596     
  0.14599999999999999       0.95662584482432111     
  0.14699999999999999       0.95621602548006568     
  0.14799999999999999       0.95580435099878946     
  0.14899999999999999       0.95539081449264274     
  0.14999999999999999       0.95497540906756062     
  0.15100000000000000       0.95455812782345162     
  0.15200000000000000       0.95413896385438490     
  0.15300000000000000       0.95371791022543895     
  0.15400000000000000       0.95329496004285164     
  0.15500000000000000       0.95287010640777103     
  0.15600000000000000       0.95244334236950878     
  0.15700000000000000       0.95201466104289667     
  0.15800000000000000       0.95158405549133074     
  0.15900000000000000       0.95115151879735516     
  0.16000000000000000       0.95071704403943458     
  0.16100000000000000       0.95028062429216553     
  0.16200000000000001       0.94984225265021083     
  0.16300000000000001       0.94940192215742070     
  0.16400000000000001       0.94895962594948069     
  0.16500000000000001       0.94851535706416434     
  0.16600000000000001       0.94806910858406845     
  0.16700000000000001       0.94762087361331560     
  0.16800000000000001       0.94717064520606420     
  0.16900000000000001       0.94671841648640087     
  0.17000000000000001       0.94626418052889949     
  0.17100000000000001       0.94580793043073819     
  0.17199999999999999       0.94534965928799652     
  0.17299999999999999       0.94488936019588798     
  0.17399999999999999       0.94442702627322994     
  0.17499999999999999       0.94396265061434503     
  0.17599999999999999       0.94349622633772301     
  0.17699999999999999       0.94302774656211430     
  0.17799999999999999       0.94255720443117463     
  0.17899999999999999       0.94208459304060799     
  0.17999999999999999       0.94160990558487323     
  0.18099999999999999       0.94113313516210639     
  0.18200000000000000       0.94065427494547527     
  0.18300000000000000       0.94017331811025140     
  0.18400000000000000       0.93969025778477500     
  0.18500000000000000       0.93920508717373985     
  0.18600000000000000       0.93871779948489054     
  0.18700000000000000       0.93822838787974638     
  0.18800000000000000       0.93773684559752002     
  0.18900000000000000       0.93724316583173117     
  0.19000000000000000       0.93674734180475727     
  0.19100000000000000       0.93624936679325588     
  0.19200000000000000       0.93574923400394860     
  0.19300000000000000       0.93524693674843828     
  0.19400000000000001       0.93474246824379992     
  0.19500000000000001       0.93423582183799503     
  0.19600000000000001       0.93372699081000754     
  0.19700000000000001       0.93321596847026489     
  0.19800000000000001       0.93270274816113918     
  0.19900000000000001       0.93218732323217024     
  0.20000000000000001       0.93166968704035835     
  0.20100000000000001       0.93114983295045950     
  0.20200000000000001       0.93062775438608492     
  0.20300000000000001       0.93010344475408890     
  0.20399999999999999       0.92957689747014505     
  0.20499999999999999       0.92904810598457743     
  0.20599999999999999       0.92851706375730503     
  0.20699999999999999       0.92798376430937113     
  0.20799999999999999       0.92744820109540715     
  0.20899999999999999       0.92691036768317725     
  0.20999999999999999       0.92637025760031133     
  0.21099999999999999       0.92582786438575815     
  0.21199999999999999       0.92528318169337631     
  0.21299999999999999       0.92473620306034565     
  0.21400000000000000       0.92418692219136711     
  0.21500000000000000       0.92363533267485598     
  0.21600000000000000       0.92308142824207640     
  0.21700000000000000       0.92252520256029780     
  0.21800000000000000       0.92196664938890605     
  0.21900000000000000       0.92140576247591910     
  0.22000000000000000       0.92084253558426432     
  0.22100000000000000       0.92027696254449487     
  0.22200000000000000       0.91970903717684072     
  0.22300000000000000       0.91913875334389106     
  0.22400000000000000       0.91856610492481960     
  0.22500000000000001       0.91799108586844547     
  0.22600000000000001       0.91741369011479057     
  0.22700000000000001       0.91683391162165806     
  0.22800000000000001       0.91625174441794266     
  0.22900000000000001       0.91566718252482149     
  0.23000000000000001       0.91508022003558842     
  0.23100000000000001       0.91449085106320982     
  0.23200000000000001       0.91389906968738521     
  0.23300000000000001       0.91330487016797846     
  0.23400000000000001       0.91270824662588523     
  0.23499999999999999       0.91210919333660090     
  0.23599999999999999       0.91150770459756381     
  0.23699999999999999       0.91090377467481620     
  0.23799999999999999       0.91029739796429587     
  0.23899999999999999       0.90968856880450122     
  0.23999999999999999       0.90907728163807278     
  0.24099999999999999       0.90846353093173371     
  0.24199999999999999       0.90784731120370776     
  0.24299999999999999       0.90722861694301316     
  0.24399999999999999       0.90660744277222582     
  0.24500000000000000       0.90598378328561913     
  0.24600000000000000       0.90535763315798234     
  0.24700000000000000       0.90472898711815075     
  0.24800000000000000       0.90409783986769299     
  0.24900000000000000       0.90346418624488856     
  0.25000000000000000       0.90282802106166549     
  0.25100000000000000       0.90218933918581923     
  0.25200000000000000       0.90154813556903901     
  0.25300000000000000       0.90090440516521297     
  0.25400000000000000       0.90025814301320128     
  0.25500000000000000       0.89960934418247540     
  0.25600000000000001       0.89895800374588308     
  0.25700000000000001       0.89830411691809187     
  0.25800000000000001       0.89764767889061925     
  0.25900000000000001       0.89698868491500994     
  0.26000000000000001       0.89632713033118661     
  0.26100000000000001       0.89566301048480490     
  0.26200000000000001       0.89499632078313551     
  0.26300000000000001       0.89432705675141877     
  0.26400000000000001       0.89365521383836111     
  0.26500000000000001       0.89298078769538269     
  0.26600000000000001       0.89230377389814330     
  0.26700000000000002       0.89162416817048351     
  0.26800000000000002       0.89094196624519006     
  0.26900000000000002       0.89025716394854348     
  0.27000000000000002       0.88956975708846431     
  0.27100000000000002       0.88887974162368821     
  0.27200000000000002       0.88818711352375568     
  0.27300000000000002       0.88749186882574804     
  0.27400000000000002       0.88679400360656235     
  0.27500000000000002       0.88609351406833647     
  0.27600000000000002       0.88539039636909744     
  0.27700000000000002       0.88468464684996584     
  0.27800000000000002       0.88397626183726008     
  0.27900000000000003       0.88326523772800425     
  0.28000000000000003       0.88255157101903481     
  0.28100000000000003       0.88183525822204512     
  0.28199999999999997       0.88111629594961427     
  0.28299999999999997       0.88039468088731709     
  0.28399999999999997       0.87967040976560917     
  0.28499999999999998       0.87894347938893302     
  0.28599999999999998       0.87821388663628519     
  0.28699999999999998       0.87748162846178113     
  0.28799999999999998       0.87674670186639081     
  0.28899999999999998       0.87600910392718434     
  0.28999999999999998       0.87526883182680182     
  0.29099999999999998       0.87452588279630894     
  0.29199999999999998       0.87378025408659898     
  0.29299999999999998       0.87303194314266996     
  0.29399999999999998       0.87228094737250073     
  0.29499999999999998       0.87152726429231375     
  0.29599999999999999       0.87077089152730591     
  0.29699999999999999       0.87001182675406030     
  0.29799999999999999       0.86925006773010827     
  0.29899999999999999       0.86848561226524246     
  0.29999999999999999       0.86771845828041239     
  0.30099999999999999       0.86694860374984106     
  0.30199999999999999       0.86617604676005489     
  0.30299999999999999       0.86540078545185384     
  0.30399999999999999       0.86462281805007435     
  0.30499999999999999       0.86384214289355588     
  0.30599999999999999       0.86305875831794832     
  0.30700000000000000       0.86227266286226822     
  0.30800000000000000       0.86148385503377856     
  0.30900000000000000       0.86069233351484320     
  0.31000000000000000       0.85989809701591424     
  0.31100000000000000       0.85910114436462570     
  0.31200000000000000       0.85830147444711946     
  0.31300000000000000       0.85749908626780402     
  0.31400000000000000       0.85669397886078780     
  0.31500000000000000       0.85588615143893254     
  0.31600000000000000       0.85507560324579057     
  0.31700000000000000       0.85426233358561299     
  0.31800000000000000       0.85344634194316626     
  0.31900000000000001       0.85262762780526458     
  0.32000000000000001       0.85180619081045850     
  0.32100000000000001       0.85098203062994171     
  0.32200000000000001       0.85015514708772166     
  0.32300000000000001       0.84932554010133143     
  0.32400000000000001       0.84849320959208441     
  0.32500000000000001       0.84765815566565961     
  0.32600000000000001       0.84682037852263126     
  0.32700000000000001       0.84597987842875855     
  0.32800000000000001       0.84513665571526686     
  0.32900000000000001       0.84429071090003616     
  0.33000000000000002       0.84344204447670790     
  0.33100000000000002       0.84259065715679071     
  0.33200000000000002       0.84173654968879541     
  0.33300000000000002       0.84087972288869606     
  0.33400000000000002       0.84002017779208382     
  0.33500000000000002       0.83915791538150719     
  0.33600000000000002       0.83829293682962680     
  0.33700000000000002       0.83742524340866220     
  0.33800000000000002       0.83655483649078100     
  0.33900000000000002       0.83568171751796239     
  0.34000000000000002       0.83480588806334177     
  0.34100000000000003       0.83392734977056493     
  0.34200000000000003       0.83304610444584992     
  0.34300000000000003       0.83216215393607618     
  0.34399999999999997       0.83127550025153452     
  0.34499999999999997       0.83038614547446876     
  0.34599999999999997       0.82949409179000566     
  0.34699999999999998       0.82859934145574143     
  0.34799999999999998       0.82770189695584606     
  0.34899999999999998       0.82680176075546630     
  0.34999999999999998       0.82589893545468118     
  0.35099999999999998       0.82499342385067909     
  0.35199999999999998       0.82408522869134537     
  0.35299999999999998       0.82317435301498254     
  0.35399999999999998       0.82226079981101974     
  0.35499999999999998       0.82134457226739888     
  0.35599999999999998       0.82042567364726404     
  0.35699999999999998       0.81950410735114765     
  0.35799999999999998       0.81857987685526756     
  0.35899999999999999       0.81765298577380741     
  0.35999999999999999       0.81672343785928891     
  0.36099999999999999       0.81579123690957323     
  0.36199999999999999       0.81485638686128981     
  0.36299999999999999       0.81391889179019150     
  0.36399999999999999       0.81297875588029855     
  0.36499999999999999       0.81203598336166516     
  0.36599999999999999       0.81109057869782275     
  0.36699999999999999       0.81014254633629412     
  0.36799999999999999       0.80919189092736243     
  0.36899999999999999       0.80823861723065704     
  0.37000000000000000       0.80728273008398221     
  0.37100000000000000       0.80632423443473333     
  0.37200000000000000       0.80536313540281945     
  0.37300000000000000       0.80439943818681992     
  0.37400000000000000       0.80343314809543731     
  0.37500000000000000       0.80246427051617508     
  0.37600000000000000       0.80149281107272907     
  0.37700000000000000       0.80051877537356309     
  0.37800000000000000       0.79954216923220678     
  0.37900000000000000       0.79856299850997914     
  0.38000000000000000       0.79758126927366602     
  0.38100000000000001       0.79659698760642594     
  0.38200000000000001       0.79561015979715977     
  0.38300000000000001       0.79462079218276827     
  0.38400000000000001       0.79362889127457137     
  0.38500000000000001       0.79263446366356494     
  0.38600000000000001       0.79163751605203792     
  0.38700000000000001       0.79063805528529574     
  0.38800000000000001       0.78963608832005616     
  0.38900000000000001       0.78863162225619254     
  0.39000000000000001       0.78762466424155286     
  0.39100000000000001       0.78661522163063635     
  0.39200000000000002       0.78560330179408977     
  0.39300000000000002       0.78458891234108297     
  0.39400000000000002       0.78357206089681852     
  0.39500000000000002       0.78255275526145363     
  0.39600000000000002       0.78153100331461800     
  0.39700000000000002       0.78050681307902281     
  0.39800000000000002       0.77948019268856805     
  0.39900000000000002       0.77845115042016599     
  0.40000000000000002       0.77741969462986460     
  0.40100000000000002       0.77638583381654747     
  0.40200000000000002       0.77534957655797221     
  0.40300000000000002       0.77431093160649656     
  0.40400000000000003       0.77326990779311433     
  0.40500000000000003       0.77222651409124710     
  0.40600000000000003       0.77118075955261478     
  0.40699999999999997       0.77013265337106684     
  0.40799999999999997       0.76908220491452861     
  0.40899999999999997       0.76802942353256076     
  0.40999999999999998       0.76697431881251454     
  0.41099999999999998       0.76591690038704152     
  0.41199999999999998       0.76485717809426823     
  0.41299999999999998       0.76379516172081696     
  0.41399999999999998       0.76273086138681534     
  0.41499999999999998       0.76166428712822654     
  0.41599999999999998       0.76059544921777089     
  0.41699999999999998       0.75952435800406437     
  0.41799999999999998       0.75845102397563546     
  0.41899999999999998       0.75737545766412084     
  0.41999999999999998       0.75629766980486046     
  0.42099999999999999       0.75521767117569105     
  0.42199999999999999       0.75413547272540793     
  0.42299999999999999       0.75305108544460697     
  0.42399999999999999       0.75196452052645735     
  0.42499999999999999       0.75087578920523568     
  0.42599999999999999       0.74978490285265043     
  0.42699999999999999       0.74869187297752182     
  0.42799999999999999       0.74759671109632220     
  0.42899999999999999       0.74649942899095922     
  0.42999999999999999       0.74540003838562574     
  0.43099999999999999       0.74429855130152467     
  0.43200000000000000       0.74319497966894421     
  0.43300000000000000       0.74208933568210700     
  0.43400000000000000       0.74098163157262975     
  0.43500000000000000       0.73987187970599588     
  0.43600000000000000       0.73876009251644892     
  0.43700000000000000       0.73764628253883158     
  0.43800000000000000       0.73653046250516707     
  0.43900000000000000       0.73541264515010218     
  0.44000000000000000       0.73429284337214040     
  0.44100000000000000       0.73317107016844374     
  0.44200000000000000       0.73204733856956306     
  0.44300000000000000       0.73092166180075435     
  0.44400000000000001       0.72979405311958856     
  0.44500000000000001       0.72866452594491071     
  0.44600000000000001       0.72753309379153530     
  0.44700000000000001       0.72639977020488233     
  0.44800000000000001       0.72526456888995983     
  0.44900000000000001       0.72412750364600509     
  0.45000000000000001       0.72298858833347923     
  0.45100000000000001       0.72184783693826138     
  0.45200000000000001       0.72070526357104581     
  0.45300000000000001       0.71956088236948834     
  0.45400000000000001       0.71841470762720883     
  0.45500000000000002       0.71726675369591264     
  0.45600000000000002       0.71611703501715351     
  0.45700000000000002       0.71496556618649765     
  0.45800000000000002       0.71381236179077923     
  0.45900000000000002       0.71265743656949632     
  0.46000000000000002       0.71150080534929094     
  0.46100000000000002       0.71034248307566827     
  0.46200000000000002       0.70918248468262246     
  0.46300000000000002       0.70802082528642174     
  0.46400000000000002       0.70685752005521940     
  0.46500000000000002       0.70569258424073755     
  0.46600000000000003       0.70452603317752660     
  0.46700000000000003       0.70335788231462759     
  0.46800000000000003       0.70218814711758537     
  0.46899999999999997       0.70101684322972546     
  0.46999999999999997       0.69984398624453992     
  0.47099999999999997       0.69866959196414202     
  0.47199999999999998       0.69749367620405422     
  0.47299999999999998       0.69631625488961457     
  0.47399999999999998       0.69513734395799931     
  0.47499999999999998       0.69395695948697711     
  0.47599999999999998       0.69277511762929656     
  0.47699999999999998       0.69159183454711470     
  0.47799999999999998       0.69040712654068359     
  0.47899999999999998       0.68922100998273461     
  0.47999999999999998       0.68803350128527718     
  0.48099999999999998       0.68684461693112386     
  0.48199999999999998       0.68565437347302893     
  0.48299999999999998       0.68446278753282574     
  0.48399999999999999       0.68326987583287913     
  0.48499999999999999       0.68207565509821044     
  0.48599999999999999       0.68088014215262349     
  0.48699999999999999       0.67968335395008206     
  0.48799999999999999       0.67848530734764811     
  0.48899999999999999       0.67728601939538580     
  0.48999999999999999       0.67608550717388172     
  0.49099999999999999       0.67488378779337288     
  0.49199999999999999       0.67368087842513191     
  0.49299999999999999       0.67247679633279456     
  0.49399999999999999       0.67127155883913825     
  0.49500000000000000       0.67006518322844666     
  0.49600000000000000       0.66885768693905101     
  0.49700000000000000       0.66764908743338514     
  0.49800000000000000       0.66643940222928610     
  0.49900000000000000       0.66522864883465926     
  0.50000000000000000       0.66401684489142776     
  0.50100000000000000       0.66280400803011208     
  0.50200000000000000       0.66159015594290449     
  0.50300000000000000       0.66037530640072895     
  0.50400000000000000       0.65915947716736678     
  0.50500000000000000       0.65794268607242590     
  0.50600000000000001       0.65672495096111783     
  0.50700000000000001       0.65550628974251679     
  0.50800000000000001       0.65428672038853375     
  0.50900000000000001       0.65306626088373920     
  0.51000000000000001       0.65184492917531789     
  0.51100000000000001       0.65062274341772863     
  0.51200000000000001       0.64939972162781123     
  0.51300000000000001       0.64817588192944331     
  0.51400000000000001       0.64695124250334801     
  0.51500000000000001       0.64572582148803725     
  0.51600000000000001       0.64449963712592195     
  0.51700000000000002       0.64327270761527799     
  0.51800000000000002       0.64204505125620659     
  0.51900000000000002       0.64081668630274369     
  0.52000000000000002       0.63958763105979266     
  0.52100000000000002       0.63835790388205804     
  0.52200000000000002       0.63712752312414678     
  0.52300000000000002       0.63589650713962909     
  0.52400000000000002       0.63466487428009821     
  0.52500000000000002       0.63343264299170188     
  0.52600000000000002       0.63219983171650651     
  0.52700000000000002       0.63096645884287583     
  0.52800000000000002       0.62973254285062408     
  0.52900000000000003       0.62849810221254443     
  0.53000000000000003       0.62726315539347122     
  0.53100000000000003       0.62602772080078783     
  0.53200000000000003       0.62479181702626985     
  0.53300000000000003       0.62355546250507499     
  0.53400000000000003       0.62231867575758781     
  0.53500000000000003       0.62108147529131197     
  0.53600000000000003       0.61984387959993958     
  0.53700000000000003       0.61860590721078490     
  0.53800000000000003       0.61736757663536568     
  0.53900000000000003       0.61612890636847539     
  0.54000000000000004       0.61488991493552292     
  0.54100000000000004       0.61365062079499066     
  0.54200000000000004       0.61241104253044831     
  0.54300000000000004       0.61117119856019009     
  0.54400000000000004       0.60993110742555534     
  0.54500000000000004       0.60869078759716055     
  0.54600000000000004       0.60745025747417281     
  0.54700000000000004       0.60620953562362179     
  0.54800000000000004       0.60496864039500831     
  0.54900000000000004       0.60372759030359968     
  0.55000000000000004       0.60248640369353479     
  0.55100000000000005       0.60124509902462542     
  0.55200000000000005       0.60000369463182157     
  0.55300000000000005       0.59876220896358767     
  0.55400000000000005       0.59752066029402784     
  0.55500000000000005       0.59627906696107480     
  0.55600000000000005       0.59503744726991381     
  0.55700000000000005       0.59379581953972504     
  0.55800000000000005       0.59255420200747577     
  0.55900000000000005       0.59131261292232307     
  0.56000000000000005       0.59007107044958174     
  0.56100000000000005       0.58882959281241365     
  0.56200000000000006       0.58758819814835905     
  0.56299999999999994       0.58634690455606597     
  0.56399999999999995       0.58510573014176914     
  0.56499999999999995       0.58386469297097421     
  0.56599999999999995       0.58262381102040750     
  0.56699999999999995       0.58138310236613577     
  0.56799999999999995       0.58014258489927695     
  0.56899999999999995       0.57890227651421777     
  0.56999999999999995       0.57766219510759043     
  0.57099999999999995       0.57642235857724189     
  0.57199999999999995       0.57518278463341066     
  0.57299999999999995       0.57394349112695964     
  0.57399999999999995       0.57270449567281179     
  0.57499999999999996       0.57146581597777824     
  0.57599999999999996       0.57022746969879745     
  0.57699999999999996       0.56898947439545811     
  0.57799999999999996       0.56775184762281083     
  0.57899999999999996       0.56651460679053223     
  0.57999999999999996       0.56527776944206432     
  0.58099999999999996       0.56404135288076485     
  0.58199999999999996       0.56280537449542889     
  0.58299999999999996       0.56156985152673977     
  0.58399999999999996       0.56033480125251278     
  0.58499999999999996       0.55910024080122400     
  0.58599999999999997       0.55786618733686488     
  0.58699999999999997       0.55663265791910199     
  0.58799999999999997       0.55539966954900100     
  0.58899999999999997       0.55416723916834509     
  0.58999999999999997       0.55293538370501505     
  0.59099999999999997       0.55170411998005153     
  0.59199999999999997       0.55047346475320758     
  0.59299999999999997       0.54924343472229331     
  0.59399999999999997       0.54801404656837316     
  0.59499999999999997       0.54678531686327947     
  0.59599999999999997       0.54555726211498534     
  0.59699999999999998       0.54432989885833616     
  0.59799999999999998       0.54310324338014149     
  0.59899999999999998       0.54187731203864498     
  0.59999999999999998       0.54065212112555638     
  0.60099999999999998       0.53942768681999820     
  0.60199999999999998       0.53820402518819432     
  0.60299999999999998       0.53698115231921006     
  0.60399999999999998       0.53575908423324037     
  0.60499999999999998       0.53453783674534794     
  0.60599999999999998       0.53331742578198349     
  0.60699999999999998       0.53209786701835804     
  0.60799999999999998       0.53087917619446645     
  0.60899999999999999       0.52966136893368454     
  0.60999999999999999       0.52844446074253248     
  0.61099999999999999       0.52722846705533566     
  0.61199999999999999       0.52601340332336788     
  0.61299999999999999       0.52479928478992877     
  0.61399999999999999       0.52358612671427396     
  0.61499999999999999       0.52237394423659489     
  0.61599999999999999       0.52116275242242571     
  0.61699999999999999       0.51995256626217889     
  0.61799999999999999       0.51874340062621338     
  0.61899999999999999       0.51753527044231507     
  0.62000000000000000       0.51632819033957367     
  0.62100000000000000       0.51512217504803015     
  0.62200000000000000       0.51391723913169030     
  0.62300000000000000       0.51271339707703756     
  0.62400000000000000       0.51151066324852423     
  0.62500000000000000       0.51030905206462818     
  0.62600000000000000       0.50910857768869755     
  0.62700000000000000       0.50790925424937305     
  0.62800000000000000       0.50671109588374974     
  0.62900000000000000       0.50551411651743960     
  0.63000000000000000       0.50431833008377536     
  0.63100000000000001       0.50312375034817802     
  0.63200000000000001       0.50193039099564174     
  0.63300000000000001       0.50073826571746016     
  0.63400000000000001       0.49954738799291321     
  0.63500000000000001       0.49835777126352332     
  0.63600000000000001       0.49716942888907989     
  0.63700000000000001       0.49598237414733487     
  0.63800000000000001       0.49479662019049214     
  0.63900000000000001       0.49361218008838625     
  0.64000000000000001       0.49242906687128302     
  0.64100000000000001       0.49124729335721729     
  0.64200000000000002       0.49006687236745533     
  0.64300000000000002       0.48888781663981401     
  0.64400000000000002       0.48771013878559294     
  0.64500000000000002       0.48653385124690940     
  0.64600000000000002       0.48535896651054972     
  0.64700000000000002       0.48418549689365775     
  0.64800000000000002       0.48301345462928208     
  0.64900000000000002       0.48184285186616477     
  0.65000000000000002       0.48067370058370423     
  0.65100000000000002       0.47950601280417782     
  0.65200000000000002       0.47833980029557088     
  0.65300000000000002       0.47717507491045780     
  0.65400000000000003       0.47601184820516185     
  0.65500000000000003       0.47485013177790669     
  0.65600000000000003       0.47368993709960222     
  0.65700000000000003       0.47253127555597385     
  0.65800000000000003       0.47137415836367358     
  0.65900000000000003       0.47021859669624222     
  0.66000000000000003       0.46906460164190072     
  0.66100000000000003       0.46791218416176489     
  0.66200000000000003       0.46676135517326739     
  0.66300000000000003       0.46561212538359692     
  0.66400000000000003       0.46446450549792556     
  0.66500000000000004       0.46331850609445846     
  0.66600000000000004       0.46217413766601334     
  0.66700000000000004       0.46103141057869379     
  0.66800000000000004       0.45989033515452271     
  0.66900000000000004       0.45875092150659469     
  0.67000000000000004       0.45761317974525928     
  0.67100000000000004       0.45647711989543244     
  0.67200000000000004       0.45534275177386152     
  0.67300000000000004       0.45421008523510054     
  0.67400000000000004       0.45307912992588867     
  0.67500000000000004       0.45194989540823977     
  0.67600000000000005       0.45082239124064921     
  0.67700000000000005       0.44969662677466354     
  0.67800000000000005       0.44857261127735326     
  0.67900000000000005       0.44745035397171135     
  0.68000000000000005       0.44632986391532392     
  0.68100000000000005       0.44521115016211793     
  0.68200000000000005       0.44409422156074774     
  0.68300000000000005       0.44297908687603033     
  0.68400000000000005       0.44186575486905671     
  0.68500000000000005       0.44075423409667286     
  0.68600000000000005       0.43964453303228784     
  0.68700000000000006       0.43853666010574793     
  0.68799999999999994       0.43743062362352786     
  0.68899999999999995       0.43632643180883096     
  0.68999999999999995       0.43522409268283918     
  0.69099999999999995       0.43412361430306906     
  0.69199999999999995       0.43302500456506104     
  0.69299999999999995       0.43192827128196232     
  0.69399999999999995       0.43083342214530096     
  0.69499999999999995       0.42974046480392536     
  0.69599999999999995       0.42864940670706725     
  0.69699999999999995       0.42756025534010922     
  0.69799999999999995       0.42647301798946718     
  0.69899999999999995       0.42538770186064762     
  0.69999999999999996       0.42430431407836594     
  0.70099999999999996       0.42322286172547197     
  0.70199999999999996       0.42214335164907252     
  0.70299999999999996       0.42106579077136780     
  0.70399999999999996       0.41999018577967423     
  0.70499999999999996       0.41891654332057376     
  0.70599999999999996       0.41784486992282632     
  0.70699999999999996       0.41677517211296844     
  0.70799999999999996       0.41570745614673477     
  0.70899999999999996       0.41464172835496582     
  0.70999999999999996       0.41357799487533470     
  0.71099999999999997       0.41251626180587786     
  0.71199999999999997       0.41145653512882030     
  0.71299999999999997       0.41039882067320893     
  0.71399999999999997       0.40934312430503733     
  0.71499999999999997       0.40828945166195507     
  0.71599999999999997       0.40723780838109291     
  0.71699999999999997       0.40618819994804317     
  0.71799999999999997       0.40514063181042775     
  0.71899999999999997       0.40409510930279158     
  0.71999999999999997       0.40305163764717650     
  0.72099999999999997       0.40201022195370245     
  0.72199999999999998       0.40097086733288551     
  0.72299999999999998       0.39993357874642532     
  0.72399999999999998       0.39889836104526422     
  0.72499999999999998       0.39786521900720301     
  0.72599999999999998       0.39683415730017713     
  0.72699999999999998       0.39580518063034703     
  0.72799999999999998       0.39477829341003201     
  0.72899999999999998       0.39375350009068727     
  0.72999999999999998       0.39273080501542917     
  0.73099999999999998       0.39171021245622090     
  0.73199999999999998       0.39069172657761614     
  0.73299999999999998       0.38967535143737847     
  0.73399999999999999       0.38866109102345003     
  0.73499999999999999       0.38764894925420329     
  0.73599999999999999       0.38663892990629467     
  0.73699999999999999       0.38563103679629029     
  0.73799999999999999       0.38462527349140435     
  0.73899999999999999       0.38362164356345313     
  0.73999999999999999       0.38262015055246951     
  0.74099999999999999       0.38162079778746733     
  0.74199999999999999       0.38062358860270740     
  0.74299999999999999       0.37962852623019061     
  0.74399999999999999       0.37863561383590477     
  0.74500000000000000       0.37764485444904511     
  0.74600000000000000       0.37665625106939121     
  0.74700000000000000       0.37566980656108045     
  0.74800000000000000       0.37468552383014248     
  0.74900000000000000       0.37370340550661679     
  0.75000000000000000       0.37272345436890331     
  0.75100000000000000       0.37174567288579635     
  0.75200000000000000       0.37077006363942017     
  0.75300000000000000       0.36979662900929383     
  0.75400000000000000       0.36882537134838117     
  0.75500000000000000       0.36785629294822986     
  0.75600000000000001       0.36688939596985154     
  0.75700000000000001       0.36592468254865251     
  0.75800000000000001       0.36496215469068655     
  0.75900000000000001       0.36400181441162088     
  0.76000000000000001       0.36304366352984702     
  0.76100000000000001       0.36208770390859329     
  0.76200000000000001       0.36113393728381776     
  0.76300000000000001       0.36018236526525160     
  0.76400000000000001       0.35923298950798871     
  0.76500000000000001       0.35828581150746308     
  0.76600000000000001       0.35734083270274786     
  0.76700000000000002       0.35639805444297096     
  0.76800000000000002       0.35545747808942613     
  0.76900000000000002       0.35451910481270932     
  0.77000000000000002       0.35358293579648759     
  0.77100000000000002       0.35264897213629615     
  0.77200000000000002       0.35171721484021318     
  0.77300000000000002       0.35078766486298030     
  0.77400000000000002       0.34986032310630721     
  0.77500000000000002       0.34893519035259463     
  0.77600000000000002       0.34801226736563801     
  0.77700000000000002       0.34709155485742166     
  0.77800000000000002       0.34617305338921123     
  0.77900000000000003       0.34525676350496171     
  0.78000000000000003       0.34434268573125698     
  0.78100000000000003       0.34343082047869911     
  0.78200000000000003       0.34252116804295135     
  0.78300000000000003       0.34161372876930507     
  0.78400000000000003       0.34070850288873172     
  0.78500000000000003       0.33980549051892728     
  0.78600000000000003       0.33890469179529087     
  0.78700000000000003       0.33800610674085763     
  0.78800000000000003       0.33710973529967753     
  0.78900000000000003       0.33621557743428343     
  0.79000000000000004       0.33532363296431084     
  0.79100000000000004       0.33443390172849541     
  0.79200000000000004       0.33354638339197601     
  0.79300000000000004       0.33266107767187142     
  0.79400000000000004       0.33177798420889459     
  0.79500000000000004       0.33089710250436766     
  0.79600000000000004       0.33001843208039444     
  0.79700000000000004       0.32914197238439208     
  0.79800000000000004       0.32826772282136996     
  0.79900000000000004       0.32739568265962143     
  0.80000000000000004       0.32652585125237249     
  0.80100000000000005       0.32565822775409919     
  0.80200000000000005       0.32479281137320776     
  0.80300000000000005       0.32392960121500775     
  0.80400000000000005       0.32306859631391294     
  0.80500000000000005       0.32220979566520797     
  0.80600000000000005       0.32135319825638042     
  0.80700000000000005       0.32049880294321709     
  0.80800000000000005       0.31964660863651695     
  0.80900000000000005       0.31879661405477011     
  0.81000000000000005       0.31794881800296332     
  0.81100000000000005       0.31710321912604567     
  0.81200000000000006       0.31625981612487841     
  0.81299999999999994       0.31541860754173223     
  0.81399999999999995       0.31457959194477414     
  0.81499999999999995       0.31374276783647742     
  0.81599999999999995       0.31290813368458797     
  0.81699999999999995       0.31207568783166956     
  0.81799999999999995       0.31124542870770083     
  0.81899999999999995       0.31041735455798386     
  0.81999999999999995       0.30959146368549229     
  0.82099999999999995       0.30876775430026676     
  0.82199999999999995       0.30794622458019794     
  0.82299999999999995       0.30712687261165961     
  0.82399999999999995       0.30630969653926926     
  0.82499999999999996       0.30549469435732268     
  0.82599999999999996       0.30468186408916598     
  0.82699999999999996       0.30387120369813991     
  0.82799999999999996       0.30306271105873195     
  0.82899999999999996       0.30225638407517419     
  0.82999999999999996       0.30145222056367627     
  0.83099999999999996       0.30065021831193023     
  0.83199999999999996       0.29985037507938184     
  0.83299999999999996       0.29905268853924860     
  0.83399999999999996       0.29825715639571460     
  0.83499999999999996       0.29746377626755116     
  0.83599999999999997       0.29667254574691587     
  0.83699999999999997       0.29588346239961838     
  0.83799999999999997       0.29509652370782058     
  0.83899999999999997       0.29431172715712872     
  0.83999999999999997       0.29352907020786512     
  0.84099999999999997       0.29274855026675400     
  0.84199999999999997       0.29197016465901349     
  0.84299999999999997       0.29119391077149614     
  0.84399999999999997       0.29041978585331846     
  0.84499999999999997       0.28964778721560552     
  0.84599999999999997       0.28887791206130686     
  0.84699999999999998       0.28811015757097203     
  0.84799999999999998       0.28734452093110030     
  0.84899999999999998       0.28658099924995184     
  0.84999999999999998       0.28581958964236659     
  0.85099999999999998       0.28506028914597825     
  0.85199999999999998       0.28430309483345423     
  0.85299999999999998       0.28354800364548438     
  0.85399999999999998       0.28279501261393569     
  0.85499999999999998       0.28204411863971435     
  0.85599999999999998       0.28129531865971819     
  0.85699999999999998       0.28054860953642013     
  0.85799999999999998       0.27980398808619883     
  0.85899999999999999       0.27906145118935510     
  0.85999999999999999       0.27832099559826995     
  0.86099999999999999       0.27758261810234314     
  0.86199999999999999       0.27684631541890165     
  0.86299999999999999       0.27611208427538148     
  0.86399999999999999       0.27537992132812444     
  0.86499999999999999       0.27464982327112747     
  0.86599999999999999       0.27392178667419786     
  0.86699999999999999       0.27319580819917155     
  0.86799999999999999       0.27247188441142833     
  0.86899999999999999       0.27175001183449909     
  0.87000000000000000       0.27103018703052650     
  0.87100000000000000       0.27031240649352634     
  0.87200000000000000       0.26959666667675924     
  0.87300000000000000       0.26888296409904522     
  0.87400000000000000       0.26817129513295546     
  0.87500000000000000       0.26746165619084772     
  0.87600000000000000       0.26675404372442407     
  0.87700000000000000       0.26604845401479188     
  0.87800000000000000       0.26534488348807139     
  0.87900000000000000       0.26464332840096105     
  0.88000000000000000       0.26394378507681360     
  0.88100000000000001       0.26324624980114603     
  0.88200000000000001       0.26255071884802278     
  0.88300000000000001       0.26185718842863887     
  0.88400000000000001       0.26116565479511067     
  0.88500000000000001       0.26047611413732047     
  0.88600000000000001       0.25978856260935196     
  0.88700000000000001       0.25910299640664536     
  0.88800000000000001       0.25841941166359794     
  0.88900000000000001       0.25773780450522754     
  0.89000000000000001       0.25705817107271656     
  0.89100000000000001       0.25638050739677620     
  0.89200000000000002       0.25570480960097908     
  0.89300000000000002       0.25503107372445616     
  0.89400000000000002       0.25435929582346056     
  0.89500000000000002       0.25368947189607532     
  0.89600000000000002       0.25302159798296270     
  0.89700000000000002       0.25235567004227527     
  0.89800000000000002       0.25169168409994819     
  0.89900000000000002       0.25102963607530754     
  0.90000000000000002       0.25036952195566931     
  0.90100000000000002       0.24971133764748790     
  0.90200000000000002       0.24905507910054259     
  0.90300000000000002       0.24840074218468500     
  0.90400000000000003       0.24774832281340878     
  0.90500000000000003       0.24709781687008042     
  0.90600000000000003       0.24644922020839957     
  0.90700000000000003       0.24580252872580702     
  0.90800000000000003       0.24515773821748932     
  0.90900000000000003       0.24451484452291763     
  0.91000000000000003       0.24387384347711913     
  0.91100000000000003       0.24323473088674791     
  0.91200000000000003       0.24259750253053033     
  0.91300000000000003       0.24196215423158010     
  0.91400000000000003       0.24132868171355593     
  0.91500000000000004       0.24069708079270197     
  0.91600000000000004       0.24006734718656420     
  0.91700000000000004       0.23943947663391471     
  0.91800000000000004       0.23881346491825156     
  0.91900000000000004       0.23818930772573188     
  0.92000000000000004       0.23756700078774270     
  0.92100000000000004       0.23694653978650562     
  0.92200000000000004       0.23632792044949755     
  0.92300000000000004       0.23571113847889053     
  0.92400000000000004       0.23509618952866246     
  0.92500000000000004       0.23448306927505827     
  0.92600000000000005       0.23387177339322973     
  0.92700000000000005       0.23326229755735792     
  0.92800000000000005       0.23265463741769671     
  0.92900000000000005       0.23204878857796113     
  0.93000000000000005       0.23144474673379764     
  0.93100000000000005       0.23084250748850682     
  0.93200000000000005       0.23024206646854842     
  0.93300000000000005       0.22964341930057655     
  0.93400000000000005       0.22904656158881800     
  0.93500000000000005       0.22845148898350023     
  0.93600000000000005       0.22785819702204693     
  0.93700000000000006       0.22726668135624717     
  0.93799999999999994       0.22667693757088314     
  0.93899999999999995       0.22608896122958669     
  0.93999999999999995       0.22550274794241007     
  0.94099999999999995       0.22491829327600921     
  0.94199999999999995       0.22433559279887202     
  0.94299999999999995       0.22375464212587501     
  0.94399999999999995       0.22317543678478824     
  0.94499999999999995       0.22259797235018927     
  0.94599999999999995       0.22202224437681597     
  0.94699999999999995       0.22144824846595937     
  0.94799999999999995       0.22087598011134313     
  0.94899999999999995       0.22030543489766261     
  0.94999999999999996       0.21973660839036574     
  0.95099999999999996       0.21916949611423084     
  0.95199999999999996       0.21860409364093128     
  0.95299999999999996       0.21804039648018564     
  0.95399999999999996       0.21747840018877931     
  0.95499999999999996       0.21691810032696437     
  0.95599999999999996       0.21635949241551344     
  0.95699999999999996       0.21580257200072586     
  0.95799999999999996       0.21524733461142240     
  0.95899999999999996       0.21469377580200302     
  0.95999999999999996       0.21414189108835247     
  0.96099999999999997       0.21359167601219617     
  0.96199999999999997       0.21304312609851878     
  0.96299999999999997       0.21249623689818792     
  0.96399999999999997       0.21195100396667313     
  0.96499999999999997       0.21140742277997676     
  0.96599999999999997       0.21086548892460680     
  0.96699999999999997       0.21032519792888532     
  0.96799999999999997       0.20978654530556340     
  0.96899999999999997       0.20924952659380053     
  0.96999999999999997       0.20871413735896899     
  0.97099999999999997       0.20818037310957280     
  0.97199999999999998       0.20764822942211023     
  0.97299999999999998       0.20711770179603350     
  0.97399999999999998       0.20658878579880857     
  0.97499999999999998       0.20606147696262830     
  0.97599999999999998       0.20553577084637606     
  0.97699999999999998       0.20501166299460519     
  0.97799999999999998       0.20448914895821219     
  0.97899999999999998       0.20396822427418473     
  0.97999999999999998       0.20344888450642823     
  0.98099999999999998       0.20293112522535828     
  0.98199999999999998       0.20241494198779686     
  0.98299999999999998       0.20190033031717086     
  0.98399999999999999       0.20138728584446428     
  0.98499999999999999       0.20087580408693870     
  0.98599999999999999       0.20036588062929742     
  0.98699999999999999       0.19985751104335564     
  0.98799999999999999       0.19935069090819482     
  0.98899999999999999       0.19884541581020804     
  0.98999999999999999       0.19834168134314659     
  0.99099999999999999       0.19783948306874863     
  0.99199999999999999       0.19733881659591096     
  0.99299999999999999       0.19683967754101922     
  0.99399999999999999       0.19634206144975030     
  0.99500000000000000       0.19584596397369361     
  0.99600000000000000       0.19535138071346897     
  0.99700000000000000       0.19485830725832579     
  0.99800000000000000       0.19436673924451858     
  0.99900000000000000       0.19387667229690908     
   1.0000000000000000       0.19338810204851295     
