   0.0000000000000000        1.0237498000000000     
   1.0000000000000000E-003   1.0260116978690519     
   2.0000000000000000E-003   1.0282796434425496     
   3.0000000000000001E-003   1.0305536518809462     
   4.0000000000000001E-003   1.0328337383878119     
   5.0000000000000001E-003   1.0351199181554411     
   6.0000000000000001E-003   1.0374122063824200     
   7.0000000000000001E-003   1.0397106183101017     
   8.0000000000000002E-003   1.0420151691304607     
   8.9999999999999993E-003   1.0443258740960504     
   1.0000000000000000E-002   1.0466427484461189     
   1.0999999999999999E-002   1.0489658074433195     
   1.2000000000000000E-002   1.0512950663171940     
   1.2999999999999999E-002   1.0536305403764845     
   1.4000000000000000E-002   1.0559722448583198     
   1.4999999999999999E-002   1.0583201950597785     
   1.6000000000000000E-002   1.0606744062620181     
   1.7000000000000001E-002   1.0630348937679583     
   1.7999999999999999E-002   1.0654016728442415     
   1.9000000000000000E-002   1.0677747588365365     
   2.0000000000000000E-002   1.0701541670342014     
   2.1000000000000001E-002   1.0725399127273703     
   2.1999999999999999E-002   1.0749320112655769     
   2.3000000000000000E-002   1.0773304779597312     
   2.4000000000000000E-002   1.0797353281403961     
   2.5000000000000001E-002   1.0821465771178722     
   2.5999999999999999E-002   1.0845642402213802     
   2.7000000000000000E-002   1.0869883327789196     
   2.8000000000000001E-002   1.0894188701572365     
   2.9000000000000001E-002   1.0918558676607228     
   2.9999999999999999E-002   1.0942993406315866     
   3.1000000000000000E-002   1.0967493043888186     
   3.2000000000000001E-002   1.0992057743095727     
   3.3000000000000002E-002   1.1016687656853679     
   3.4000000000000002E-002   1.1041382938858677     
   3.5000000000000003E-002   1.1066143742142542     
   3.5999999999999997E-002   1.1090970220310310     
   3.6999999999999998E-002   1.1115862526286808     
   3.7999999999999999E-002   1.1140820813777059     
   3.9000000000000000E-002   1.1165845235794045     
   4.0000000000000001E-002   1.1190935945492444     
   4.1000000000000002E-002   1.1216093095954076     
   4.2000000000000003E-002   1.1241316840613003     
   4.2999999999999997E-002   1.1266607332395600     
   4.3999999999999997E-002   1.1291964724356918     
   4.4999999999999998E-002   1.1317389169244234     
   4.5999999999999999E-002   1.1342880820143824     
   4.7000000000000000E-002   1.1368439830045516     
   4.8000000000000001E-002   1.1394066351395440     
   4.9000000000000002E-002   1.1419760536746610     
   5.0000000000000003E-002   1.1445522539204207     
   5.0999999999999997E-002   1.1471352511091544     
   5.1999999999999998E-002   1.1497250604379505     
   5.2999999999999999E-002   1.1523216972031420     
   5.3999999999999999E-002   1.1549251765753394     
   5.5000000000000000E-002   1.1575355138014889     
   5.6000000000000001E-002   1.1601527240689671     
   5.7000000000000002E-002   1.1627768225269834     
   5.8000000000000003E-002   1.1654078244241060     
   5.8999999999999997E-002   1.1680457448550092     
   5.9999999999999998E-002   1.1706905989898753     
   6.0999999999999999E-002   1.1733424019588206     
   6.2000000000000000E-002   1.1760011688978265     
   6.3000000000000000E-002   1.1786669148778026     
   6.4000000000000001E-002   1.1813396550215798     
   6.5000000000000002E-002   1.1840194043857266     
   6.6000000000000003E-002   1.1867061780067711     
   6.7000000000000004E-002   1.1893999909486856     
   6.8000000000000005E-002   1.1921008582308867     
   6.9000000000000006E-002   1.1948087948028128     
   7.0000000000000007E-002   1.1975238157128489     
   7.0999999999999994E-002   1.2002459358655828     
   7.1999999999999995E-002   1.2029751702398002     
   7.2999999999999995E-002   1.2057115337418214     
   7.3999999999999996E-002   1.2084550412285868     
   7.4999999999999997E-002   1.2112057076560272     
   7.5999999999999998E-002   1.2139635477807389     
   7.6999999999999999E-002   1.2167285765075588     
   7.8000000000000000E-002   1.2195008085896621     
   7.9000000000000001E-002   1.2222802588281307     
   8.0000000000000002E-002   1.2250669419965188     
   8.1000000000000003E-002   1.2278608727633769     
   8.2000000000000003E-002   1.2306620658699334     
   8.3000000000000004E-002   1.2334705359508620     
   8.4000000000000005E-002   1.2362862976876117     
   8.5000000000000006E-002   1.2391093656791192     
   8.5999999999999993E-002   1.2419397545185427     
   8.6999999999999994E-002   1.2447774787405517     
   8.7999999999999995E-002   1.2476225528993448     
   8.8999999999999996E-002   1.2504749914364106     
   8.9999999999999997E-002   1.2533348088380620     
   9.0999999999999998E-002   1.2562020195561754     
   9.1999999999999998E-002   1.2590766379267766     
   9.2999999999999999E-002   1.2619586783567436     
   9.4000000000000000E-002   1.2648481551354649     
   9.5000000000000001E-002   1.2677450825414143     
   9.6000000000000002E-002   1.2706494748694490     
   9.7000000000000003E-002   1.2735613462937281     
   9.8000000000000004E-002   1.2764807110033807     
   9.9000000000000005E-002   1.2794075831197127     
  0.10000000000000001        1.2823419767227671     
  0.10100000000000001        1.2852839059066450     
  0.10199999999999999        1.2882333846674490     
  0.10299999999999999        1.2911904269578409     
  0.10400000000000000        1.2941550467431271     
  0.10500000000000000        1.2971272578591362     
  0.10600000000000000        1.3001070742101939     
  0.10700000000000000        1.3030945095118356     
  0.10800000000000000        1.3060895775760581     
  0.10900000000000000        1.3090922920523402     
  0.11000000000000000        1.3121026666577695     
  0.11100000000000000        1.3151207149443807     
  0.11200000000000000        1.3181464505019211     
  0.11300000000000000        1.3211798868111608     
  0.11400000000000000        1.3242210373309666     
  0.11500000000000000        1.3272699154982077     
  0.11600000000000001        1.3303265346377056     
  0.11700000000000001        1.3333909080504971     
  0.11799999999999999        1.3364630489834823     
  0.11899999999999999        1.3395429705982627     
  0.12000000000000000        1.3426306860918287     
  0.12100000000000000        1.3457262084831318     
  0.12200000000000000        1.3488295508252504     
  0.12300000000000000        1.3519407260519158     
  0.12400000000000000        1.3550597470686365     
  0.12500000000000000        1.3581866267213734     
  0.12600000000000000        1.3613213777957676     
  0.12700000000000000        1.3644640130163528     
  0.12800000000000000        1.3676145450141135     
  0.12900000000000000        1.3707729863885949     
  0.13000000000000000        1.3739393496758860     
  0.13100000000000001        1.3771136473157286     
  0.13200000000000001        1.3802958917144921     
  0.13300000000000001        1.3834860951803278     
  0.13400000000000001        1.3866842700192656     
  0.13500000000000001        1.3898904283397595     
  0.13600000000000001        1.3931045823444717     
  0.13700000000000001        1.3963267440033240     
  0.13800000000000001        1.3995569253471978     
  0.13900000000000001        1.4027951382371266     
  0.14000000000000001        1.4060413945284296     
  0.14099999999999999        1.4092957059706528     
  0.14199999999999999        1.4125580842060133     
  0.14299999999999999        1.4158285408695188     
  0.14399999999999999        1.4191070874535019     
  0.14499999999999999        1.4223937354078922     
  0.14599999999999999        1.4256884960714626     
  0.14699999999999999        1.4289913807738073     
  0.14799999999999999        1.4323024006973992     
  0.14899999999999999        1.4356215669448897     
  0.14999999999999999        1.4389488905383019     
  0.15100000000000000        1.4422843824182265     
  0.15200000000000000        1.4456280534430219     
  0.15300000000000000        1.4489799144234763     
  0.15400000000000000        1.4523399760159197     
  0.15500000000000000        1.4557082487913995     
  0.15600000000000000        1.4590847433067913     
  0.15700000000000000        1.4624694699250183     
  0.15800000000000000        1.4658624389932349     
  0.15900000000000000        1.4692636607343104     
  0.16000000000000000        1.4726731452818314     
  0.16100000000000000        1.4760909026793005     
  0.16200000000000001        1.4795169428423898     
  0.16300000000000001        1.4829512756686773     
  0.16400000000000001        1.4863939108147879     
  0.16500000000000001        1.4898448579919137     
  0.16600000000000001        1.4933041267426204     
  0.16700000000000001        1.4967717264761746     
  0.16800000000000001        1.5002476665808149     
  0.16900000000000001        1.5037319562339555     
  0.17000000000000001        1.5072246045904198     
  0.17100000000000001        1.5107256206679032     
  0.17199999999999999        1.5142350133839988     
  0.17299999999999999        1.5177527915554290     
  0.17399999999999999        1.5212789638582351     
  0.17499999999999999        1.5248135389045481     
  0.17599999999999999        1.5283565251639317     
  0.17699999999999999        1.5319079310013011     
  0.17799999999999999        1.5354677646364139     
  0.17899999999999999        1.5390360342619827     
  0.17999999999999999        1.5426127478041078     
  0.18099999999999999        1.5461979132401806     
  0.18200000000000000        1.5497915383185015     
  0.18300000000000000        1.5533936306767528     
  0.18400000000000000        1.5570041979229294     
  0.18500000000000000        1.5606232474313393     
  0.18600000000000000        1.5642507864627249     
  0.18700000000000000        1.5678868222463203     
  0.18800000000000000        1.5715313617730746     
  0.18900000000000000        1.5751844120009975     
  0.19000000000000000        1.5788459797304313     
  0.19100000000000000        1.5825160715602486     
  0.19200000000000000        1.5861946940969729     
  0.19300000000000000        1.5898818536591794     
  0.19400000000000001        1.5935775566148211     
  0.19500000000000001        1.5972818089980634     
  0.19600000000000001        1.6009946168487263     
  0.19700000000000001        1.6047159860412641     
  0.19800000000000001        1.6084459222831156     
  0.19900000000000001        1.6121844311567755     
  0.20000000000000001        1.6159315181191354     
  0.20100000000000001        1.6196871885008350     
  0.20200000000000001        1.6234514474170016     
  0.20300000000000001        1.6272242998981450     
  0.20399999999999999        1.6310057508458196     
  0.20499999999999999        1.6347958049870861     
  0.20599999999999999        1.6385944669180095     
  0.20699999999999999        1.6424017410123941     
  0.20799999999999999        1.6462176316468047     
  0.20899999999999999        1.6500421428828809     
  0.20999999999999999        1.6538752787383062     
  0.21099999999999999        1.6577170430959982     
  0.21199999999999999        1.6615674395180924     
  0.21299999999999999        1.6654264716603571     
  0.21400000000000000        1.6692941427622683     
  0.21500000000000000        1.6731704561571041     
  0.21600000000000000        1.6770554148046157     
  0.21700000000000000        1.6809490216645744     
  0.21800000000000000        1.6848512794136361     
  0.21900000000000000        1.6887621906330361     
  0.22000000000000000        1.6926817577610973     
  0.22100000000000000        1.6966099829961854     
  0.22200000000000000        1.7005468684395721     
  0.22300000000000000        1.7044924159986135     
  0.22400000000000000        1.7084466274341599     
  0.22500000000000001        1.7124095042617757     
  0.22600000000000001        1.7163810478972659     
  0.22700000000000001        1.7203612596077553     
  0.22800000000000001        1.7243501404116117     
  0.22900000000000001        1.7283476912260005     
  0.23000000000000001        1.7323539127167629     
  0.23100000000000001        1.7363688053968132     
  0.23200000000000001        1.7403923697272601     
  0.23300000000000001        1.7444246057115891     
  0.23400000000000001        1.7484655135028515     
  0.23499999999999999        1.7525150928445108     
  0.23599999999999999        1.7565733433226782     
  0.23699999999999999        1.7606402644696031     
  0.23799999999999999        1.7647158554529527     
  0.23899999999999999        1.7688001154374158     
  0.23999999999999999        1.7728930432723724     
  0.24099999999999999        1.7769946376466337     
  0.24199999999999999        1.7811048970351446     
  0.24299999999999999        1.7852238198575150     
  0.24399999999999999        1.7893514041589071     
  0.24500000000000000        1.7934876479278179     
  0.24600000000000000        1.7976325488821925     
  0.24700000000000000        1.8017861045211243     
  0.24800000000000000        1.8059483122870681     
  0.24900000000000000        1.8101191692395855     
  0.25000000000000000        1.8142986723803962     
  0.25100000000000000        1.8184868184899814     
  0.25200000000000000        1.8226836040707926     
  0.25300000000000000        1.8268890255119647     
  0.25400000000000000        1.8311030789225318     
  0.25500000000000000        1.8353257602414048     
  0.25600000000000001        1.8395570652938764     
  0.25700000000000001        1.8437969895091255     
  0.25800000000000001        1.8480455282572483     
  0.25900000000000001        1.8523026766800532     
  0.26000000000000001        1.8565684296323466     
  0.26100000000000001        1.8608427818527862     
  0.26200000000000001        1.8651257278492068     
  0.26300000000000001        1.8694172617808831     
  0.26400000000000001        1.8737173778646379     
  0.26500000000000001        1.8780260697920930     
  0.26600000000000001        1.8823433313127609     
  0.26700000000000002        1.8866691557648005     
  0.26800000000000002        1.8910035363679758     
  0.26900000000000002        1.8953464660456305     
  0.27000000000000002        1.8996979376628156     
  0.27100000000000002        1.9040579436668617     
  0.27200000000000002        1.9084264763856638     
  0.27300000000000002        1.9128035279074824     
  0.27400000000000002        1.9171890901411397     
  0.27500000000000002        1.9215831546319795     
  0.27600000000000002        1.9259857129286555     
  0.27700000000000002        1.9303967560914761     
  0.27800000000000002        1.9348162751220657     
  0.27900000000000003        1.9392442607788440     
  0.28000000000000003        1.9436807035132935     
  0.28100000000000003        1.9481255936570596     
  0.28199999999999997        1.9525789212336555     
  0.28299999999999997        1.9570406760199133     
  0.28399999999999997        1.9615108476091103     
  0.28499999999999998        1.9659894253473180     
  0.28599999999999998        1.9704763983326101     
  0.28699999999999998        1.9749717554142947     
  0.28799999999999998        1.9794754852572427     
  0.28899999999999998        1.9839875762772046     
  0.28999999999999998        1.9885080165744216     
  0.29099999999999998        1.9930367940634102     
  0.29199999999999998        1.9975738965399594     
  0.29299999999999998        2.0021193112841504     
  0.29399999999999998        2.0066730255885430     
  0.29499999999999998        2.0112350264277659     
  0.29599999999999999        2.0158053004564636     
  0.29699999999999999        2.0203838341426721     
  0.29799999999999999        2.0249706137007131     
  0.29899999999999999        2.0295656251589675     
  0.29999999999999999        2.0341688542236347     
  0.30099999999999999        2.0387802864145526     
  0.30199999999999999        2.0433999069278110     
  0.30299999999999999        2.0480277007728080     
  0.30399999999999999        2.0526636527035054     
  0.30499999999999999        2.0573077471479166     
  0.30599999999999999        2.0619599684878471     
  0.30700000000000000        2.0666203005680663     
  0.30800000000000000        2.0712887272580471     
  0.30900000000000000        2.0759652319584525     
  0.31000000000000000        2.0806497979544130     
  0.31100000000000000        2.0853424082024876     
  0.31200000000000000        2.0900430454733843     
  0.31300000000000000        2.0947516922081157     
  0.31400000000000000        2.0994683307349158     
  0.31500000000000000        2.1041929429061423     
  0.31600000000000000        2.1089255104610145     
  0.31700000000000000        2.1136660149547626     
  0.31800000000000000        2.1184144374634970     
  0.31900000000000001        2.1231707590261730     
  0.32000000000000001        2.1279349602753292     
  0.32100000000000001        2.1327070217343107     
  0.32200000000000001        2.1374869235186917     
  0.32300000000000001        2.1422746454845818     
  0.32400000000000001        2.1470701674569006     
  0.32500000000000001        2.1518734687758165     
  0.32600000000000001        2.1566845285221659     
  0.32700000000000001        2.1615033255945906     
  0.32800000000000001        2.1663298387113068     
  0.32900000000000001        2.1711640461009858     
  0.33000000000000002        2.1760059260443665     
  0.33100000000000002        2.1808554562539575     
  0.33200000000000002        2.1857126143399492     
  0.33300000000000002        2.1905773777347206     
  0.33400000000000002        2.1954497232978145     
  0.33500000000000002        2.2003296280270859     
  0.33600000000000002        2.2052170684268826     
  0.33700000000000002        2.2101120207445453     
  0.33800000000000002        2.2150144609707758     
  0.33900000000000002        2.2199243649210985     
  0.34000000000000002        2.2248417080751222     
  0.34100000000000003        2.2297664657388170     
  0.34200000000000003        2.2346986128003419     
  0.34300000000000003        2.2396381240569414     
  0.34399999999999997        2.2445849738876635     
  0.34499999999999997        2.2495391364999158     
  0.34599999999999997        2.2545005858482501     
  0.34699999999999998        2.2594692957188132     
  0.34799999999999998        2.2644452393106507     
  0.34899999999999998        2.2694283899058414     
  0.34999999999999998        2.2744187204525992     
  0.35099999999999998        2.2794162033936574     
  0.35199999999999998        2.2844208113466951     
  0.35299999999999998        2.2894325161681044     
  0.35399999999999998        2.2944512898928511     
  0.35499999999999998        2.2994771040505619     
  0.35599999999999998        2.3045099300092211     
  0.35699999999999998        2.3095497388029416     
  0.35799999999999998        2.3145965013066054     
  0.35899999999999999        2.3196501880622438     
  0.35999999999999999        2.3247107692781377     
  0.36099999999999999        2.3297782150945694     
  0.36199999999999999        2.3348524953206806     
  0.36299999999999999        2.3399335794336240     
  0.36399999999999999        2.3450214366677158     
  0.36499999999999999        2.3501160361961833     
  0.36599999999999999        2.3552173465915236     
  0.36699999999999999        2.3603253365479979     
  0.36799999999999999        2.3654399742498247     
  0.36899999999999999        2.3705612276422623     
  0.37000000000000000        2.3756890645249822     
  0.37100000000000000        2.3808234524625003     
  0.37200000000000000        2.3859643585994235     
  0.37300000000000000        2.3911117499379539     
  0.37400000000000000        2.3962655932472794     
  0.37500000000000000        2.4014258551589682     
  0.37600000000000000        2.4065925016976162     
  0.37700000000000000        2.4117654990336344     
  0.37800000000000000        2.4169448128253115     
  0.37900000000000000        2.4221304086927029     
  0.38000000000000000        2.4273222517426163     
  0.38100000000000001        2.4325203071428207     
  0.38200000000000001        2.4377245395483165     
  0.38300000000000001        2.4429349135830258     
  0.38400000000000001        2.4481513934547112     
  0.38500000000000001        2.4533739432465365     
  0.38600000000000001        2.4586025268221294     
  0.38700000000000001        2.4638371077283225     
  0.38800000000000001        2.4690776492938906     
  0.38900000000000001        2.4743241145315302     
  0.39000000000000001        2.4795764664373738     
  0.39100000000000001        2.4848346674946984     
  0.39200000000000002        2.4900986802741905     
  0.39300000000000002        2.4953684667333516     
  0.39400000000000002        2.5006439889211829     
  0.39500000000000002        2.5059252084759600     
  0.39600000000000002        2.5112120869300574     
  0.39700000000000002        2.5165045855080868     
  0.39800000000000002        2.5218026652297905     
  0.39900000000000002        2.5271062868081784     
  0.40000000000000002        2.5324154108572614     
  0.40100000000000002        2.5377299976870211     
  0.40200000000000002        2.5430500075128148     
  0.40300000000000002        2.5483754001434971     
  0.40400000000000003        2.5537061352960992     
  0.40500000000000003        2.5590421723875734     
  0.40600000000000003        2.5643834707475395     
  0.40699999999999997        2.5697299894084278     
  0.40799999999999997        2.5750816869979563     
  0.40899999999999997        2.5804385223832518     
  0.40999999999999998        2.5858004538158763     
  0.41099999999999998        2.5911674395768221     
  0.41199999999999998        2.5965394374376576     
  0.41299999999999998        2.6019164055314614     
  0.41399999999999998        2.6072983010472894     
  0.41499999999999998        2.6126850816507168     
  0.41599999999999998        2.6180767043916706     
  0.41699999999999998        2.6234731262534785     
  0.41799999999999998        2.6288743039339115     
  0.41899999999999998        2.6342801941809406     
  0.41999999999999998        2.6396907532370619     
  0.42099999999999999        2.6451059373990069     
  0.42199999999999999        2.6505257025710485     
  0.42299999999999999        2.6559500047174707     
  0.42399999999999999        2.6613787992983453     
  0.42499999999999999        2.6668120418378445     
  0.42599999999999999        2.6722496875856780     
  0.42699999999999999        2.6776916915169844     
  0.42799999999999999        2.6831380087956367     
  0.42899999999999999        2.6885885938525469     
  0.42999999999999999        2.6940434015440804     
  0.43099999999999999        2.6995023858762823     
  0.43200000000000000        2.7049655014050447     
  0.43300000000000000        2.7104327019528944     
  0.43400000000000000        2.7159039414294783     
  0.43500000000000000        2.7213791734812873     
  0.43600000000000000        2.7268583517302809     
  0.43700000000000000        2.7323414296583914     
  0.43800000000000000        2.7378283602488400     
  0.43900000000000000        2.7433190967058070     
  0.44000000000000000        2.7488135918574375     
  0.44100000000000000        2.7543117983966954     
  0.44200000000000000        2.7598136691275470     
  0.44300000000000000        2.7653191563590434     
  0.44400000000000001        2.7708282125154469     
  0.44500000000000001        2.7763407896491952     
  0.44600000000000001        2.7818568396862005     
  0.44700000000000001        2.7873763146765493     
  0.44800000000000001        2.7928991663020581     
  0.44900000000000001        2.7984253461242510     
  0.45000000000000001        2.8039548057121100     
  0.45100000000000001        2.8094874963941523     
  0.45200000000000001        2.8150233692582107     
  0.45300000000000001        2.8205623755323463     
  0.45400000000000001        2.8261044660814325     
  0.45500000000000002        2.8316495917885329     
  0.45600000000000002        2.8371977034307712     
  0.45700000000000002        2.8427487514236018     
  0.45800000000000002        2.8483026864649452     
  0.45900000000000002        2.8538594588950557     
  0.46000000000000002        2.8594190189544495     
  0.46100000000000002        2.8649813166551352     
  0.46200000000000002        2.8705463023050912     
  0.46300000000000002        2.8761139257271631     
  0.46400000000000002        2.8816841367825727     
  0.46500000000000002        2.8872568852425857     
  0.46600000000000003        2.8928321207904251     
  0.46700000000000003        2.8984097928896269     
  0.46800000000000003        2.9039898511856399     
  0.46899999999999997        2.9095722448399526     
  0.46999999999999997        2.9151569234696120     
  0.47099999999999997        2.9207438360750397     
  0.47199999999999998        2.9263329318478468     
  0.47299999999999998        2.9319241597682324     
  0.47399999999999998        2.9375174690149595     
  0.47499999999999998        2.9431128084225628     
  0.47599999999999998        2.9487101267539595     
  0.47699999999999998        2.9543093729787513     
  0.47799999999999998        2.9599104957246545     
  0.47899999999999998        2.9655134435529118     
  0.47999999999999998        2.9711181650996701     
  0.48099999999999998        2.9767246089398260     
  0.48199999999999998        2.9823327235886623     
  0.48299999999999998        2.9879424575034470     
  0.48399999999999999        2.9935537589433974     
  0.48499999999999999        2.9991665763951678     
  0.48599999999999999        3.0047808581514142     
  0.48699999999999999        3.0103965521668088     
  0.48799999999999999        3.0160136070596706     
  0.48899999999999999        3.0216319708290373     
  0.48999999999999999        3.0272515915691196     
  0.49099999999999999        3.0328724174731163     
  0.49199999999999999        3.0384943966915299     
  0.49299999999999999        3.0441174771875179     
  0.49399999999999999        3.0497416068822685     
  0.49500000000000000        3.0553667340972113     
  0.49600000000000000        3.0609928066778513     
  0.49700000000000000        3.0666197725794788     
  0.49800000000000000        3.0722475797223758     
  0.49900000000000000        3.0778761762908653     
  0.50000000000000000        3.0835055100669666     
  0.50100000000000000        3.0891355290979767     
  0.50200000000000000        3.0947661813566172     
  0.50300000000000000        3.1003974146565754     
  0.50400000000000000        3.1060291770511483     
  0.50500000000000000        3.1116614164893748     
  0.50600000000000001        3.1172940810492307     
  0.50700000000000001        3.1229271187067202     
  0.50800000000000001        3.1285604773354407     
  0.50900000000000001        3.1341941049419555     
  0.51000000000000001        3.1398279499056754     
  0.51100000000000001        3.1454619597991575     
  0.51200000000000001        3.1510960830429364     
  0.51300000000000001        3.1567302677257412     
  0.51400000000000001        3.1623644618396871     
  0.51500000000000001        3.1679986137603904     
  0.51600000000000001        3.1736326715303855     
  0.51700000000000002        3.1792665835803269     
  0.51800000000000002        3.1849002980077534     
  0.51900000000000002        3.1905337633028026     
  0.52000000000000002        3.1961669278665381     
  0.52100000000000002        3.2017997400100198     
  0.52200000000000002        3.2074321481991244     
  0.52300000000000002        3.2130641010573648     
  0.52400000000000002        3.2186955473687062     
  0.52500000000000002        3.2243264355841781     
  0.52600000000000002        3.2299567143145889     
  0.52700000000000002        3.2355863325828298     
  0.52800000000000002        3.2412152390792071     
  0.52900000000000003        3.2468433826586676     
  0.53000000000000003        3.2524707123433529     
  0.53100000000000003        3.2580971775778313     
  0.53200000000000003        3.2637227269680760     
  0.53300000000000003        3.2693473100481976     
  0.53400000000000003        3.2749708760193186     
  0.53500000000000003        3.2805933742558127     
  0.53600000000000003        3.2862147543076161     
  0.53700000000000003        3.2918349656451751     
  0.53800000000000003        3.2974539579159083     
  0.53900000000000003        3.3030716809464304     
  0.54000000000000004        3.3086880844850173     
  0.54100000000000004        3.3143031187207468     
  0.54200000000000004        3.3199167332445314     
  0.54300000000000004        3.3255288786115309     
  0.54400000000000004        3.3311395047780974     
  0.54500000000000004        3.3367485621462882     
  0.54600000000000004        3.3423560015696672     
  0.54700000000000004        3.3479617730334339     
  0.54800000000000004        3.3535658277678744     
  0.54900000000000004        3.3591681161322571     
  0.55000000000000004        3.3647685894731958     
  0.55100000000000005        3.3703671985285739     
  0.55200000000000005        3.3759638947625943     
  0.55300000000000005        3.3815586290261468     
  0.55400000000000005        3.3871513531701600     
  0.55500000000000005        3.3927420187019797     
  0.55600000000000005        3.3983305773233066     
  0.55700000000000005        3.4039169806586886     
  0.55800000000000005        3.4095011808003894     
  0.55900000000000005        3.4150831297646431     
  0.56000000000000005        3.4206627800395579     
  0.56100000000000005        3.4262400837620977     
  0.56200000000000006        3.4318149935419568     
  0.56299999999999994        3.4373874621889962     
  0.56399999999999995        3.4429574424359313     
  0.56499999999999995        3.4485248872146577     
  0.56599999999999995        3.4540897499372227     
  0.56699999999999995        3.4596519833777002     
  0.56799999999999995        3.4652115413505529     
  0.56899999999999995        3.4707683775940024     
  0.56999999999999995        3.4763224457669075     
  0.57099999999999995        3.4818736994456572     
  0.57199999999999995        3.4874220932596325     
  0.57299999999999995        3.4929675809055114     
  0.57399999999999995        3.4985101174220996     
  0.57499999999999996        3.5040496571974886     
  0.57599999999999996        3.5095861548212599     
  0.57699999999999996        3.5151195653735718     
  0.57799999999999996        3.5206498438508160     
  0.57899999999999996        3.5261769460325518     
  0.57999999999999996        3.5317008267441485     
  0.58099999999999996        3.5372214421751451     
  0.58199999999999996        3.5427387478477348     
  0.58299999999999996        3.5482527000716488     
  0.58399999999999996        3.5537632547759475     
  0.58499999999999996        3.5592703686807083     
  0.58599999999999997        3.5647739981224782     
  0.58699999999999997        3.5702740999357210     
  0.58799999999999997        3.5757706311595667     
  0.58899999999999997        3.5812635490377986     
  0.58999999999999997        3.5867528107200339     
  0.59099999999999997        3.5922383738567718     
  0.59199999999999997        3.5977201963028369     
  0.59299999999999997        3.6031982361171924     
  0.59399999999999997        3.6086724512608304     
  0.59499999999999997        3.6141428001978988     
  0.59599999999999997        3.6196092415958403     
  0.59699999999999998        3.6250717337166360     
  0.59799999999999998        3.6305302362385152     
  0.59899999999999998        3.6359847081307413     
  0.59999999999999998        3.6414351085610734     
  0.60099999999999998        3.6468813972025611     
  0.60199999999999998        3.6523235342368823     
  0.60299999999999998        3.6577614794309761     
  0.60399999999999998        3.6631951927479367     
  0.60499999999999998        3.6686246352776291     
  0.60599999999999998        3.6740497670691448     
  0.60699999999999998        3.6794705496103939     
  0.60799999999999998        3.6848869436534892     
  0.60899999999999999        3.6902989104564181     
  0.60999999999999999        3.6957064117860381     
  0.61099999999999999        3.7011094096059391     
  0.61199999999999999        3.7065078654437666     
  0.61299999999999999        3.7119017419656593     
  0.61399999999999999        3.7172910013997780     
  0.61499999999999999        3.7226756064820448     
  0.61599999999999999        3.7280555201399594     
  0.61699999999999999        3.7334307054914317     
  0.61799999999999999        3.7388011261641232     
  0.61899999999999999        3.7441667450130063     
  0.62000000000000000        3.7495275266838495     
  0.62100000000000000        3.7548834347259432     
  0.62200000000000000        3.7602344335168194     
  0.62300000000000000        3.7655804876199177     
  0.62400000000000000        3.7709215621082937     
  0.62500000000000000        3.7762576212635377     
  0.62600000000000000        3.7815886308493125     
  0.62700000000000000        3.7869145564881546     
  0.62800000000000000        3.7922353633279369     
  0.62900000000000000        3.7975510176773790     
  0.63000000000000000        3.8028614853673939     
  0.63100000000000001        3.8081667330637257     
  0.63200000000000001        3.8134667276104568     
  0.63300000000000001        3.8187614353643533     
  0.63400000000000001        3.8240508238493072     
  0.63500000000000001        3.8293348604319579     
  0.63600000000000001        3.8346135126504040     
  0.63700000000000001        3.8398867482123915     
  0.63800000000000001        3.8451545353292929     
  0.63900000000000001        3.8504168423815082     
  0.64000000000000001        3.8556736375792449     
  0.64100000000000001        3.8609248903091227     
  0.64200000000000002        3.8661705694494470     
  0.64300000000000002        3.8714106440398539     
  0.64400000000000002        3.8766450836196471     
  0.64500000000000002        3.8818738585706654     
  0.64600000000000002        3.8870969384135474     
  0.64700000000000002        3.8923142935073503     
  0.64800000000000002        3.8975258943682900     
  0.64900000000000002        3.9027317116676294     
  0.65000000000000002        3.9079317169192400     
  0.65100000000000002        3.9131258807569309     
  0.65200000000000002        3.9183141753454778     
  0.65300000000000002        3.9234965716166021     
  0.65400000000000003        3.9286730423823744     
  0.65500000000000003        3.9338435595629373     
  0.65600000000000003        3.9390080955703541     
  0.65700000000000003        3.9441666229599797     
  0.65800000000000003        3.9493191151297831     
  0.65900000000000003        3.9544655452707462     
  0.66000000000000003        3.9596058867131196     
  0.66100000000000003        3.9647401132770659     
  0.66200000000000003        3.9698681985664250     
  0.66300000000000003        3.9749901173806785     
  0.66400000000000003        3.9801058439473103     
  0.66500000000000004        3.9852153529799628     
  0.66600000000000004        3.9903186193229283     
  0.66700000000000004        3.9954156183061285     
  0.66800000000000004        4.0005063250298925     
  0.66900000000000004        4.0055907157945168     
  0.67000000000000004        4.0106687663103875     
  0.67100000000000004        4.0157404524089104     
  0.67200000000000004        4.0208057511233344     
  0.67300000000000004        4.0258646385259933     
  0.67400000000000004        4.0309170918902826     
  0.67500000000000004        4.0359630886090443     
  0.67600000000000005        4.0410026054638788     
  0.67700000000000005        4.0460356204390653     
  0.67800000000000005        4.0510621116333372     
  0.67900000000000005        4.0560820568910305     
  0.68000000000000005        4.0610954348965773     
  0.68100000000000005        4.0661022237084596     
  0.68200000000000005        4.0711024025911620     
  0.68300000000000005        4.0760959509160104     
  0.68400000000000005        4.0810828474188474     
  0.68500000000000005        4.0860630720427471     
  0.68600000000000005        4.0910366048323423     
  0.68700000000000006        4.0960034255591129     
  0.68799999999999994        4.1009635144604148     
  0.68899999999999995        4.1059168518669207     
  0.68999999999999995        4.1108634193221265     
  0.69099999999999995        4.1158031973414619     
  0.69199999999999995        4.1207361672763909     
  0.69299999999999995        4.1256623105662982     
  0.69399999999999995        4.1305816091126282     
  0.69499999999999995        4.1354940445243749     
  0.69599999999999995        4.1403995996250673     
  0.69699999999999995        4.1452982561863427     
  0.69799999999999995        4.1501899971929976     
  0.69899999999999995        4.1550748057093978     
  0.69999999999999996        4.1599526648766698     
  0.70099999999999996        4.1648235575280346     
  0.70199999999999996        4.1696874680951552     
  0.70299999999999996        4.1745443795534412     
  0.70399999999999996        4.1793942764766703     
  0.70499999999999996        4.1842371431249816     
  0.70599999999999996        4.1890729642091884     
  0.70699999999999996        4.1939017237334086     
  0.70799999999999996        4.1987234076921265     
  0.70899999999999996        4.2035380005982352     
  0.70999999999999996        4.2083454881828510     
  0.71099999999999997        4.2131458558477997     
  0.71199999999999997        4.2179390894382189     
  0.71299999999999997        4.2227251756332569     
  0.71399999999999997        4.2275040999960796     
  0.71499999999999997        4.2322758497011579     
  0.71599999999999997        4.2370404111920958     
  0.71699999999999997        4.2417977717433475     
  0.71799999999999997        4.2465479182836434     
  0.71899999999999997        4.2512908381781314     
  0.71999999999999997        4.2560265192289490     
  0.72099999999999997        4.2607549496757722     
  0.72199999999999998        4.2654761170077231     
  0.72299999999999998        4.2701900095413565     
  0.72399999999999998        4.2748966160270108     
  0.72499999999999998        4.2795959252511189     
  0.72599999999999998        4.2842879264322971     
  0.72699999999999998        4.2889726076236663     
  0.72799999999999998        4.2936499593019946     
  0.72899999999999998        4.2983199707769666     
  0.72999999999999998        4.3029826317845785     
  0.73099999999999998        4.3076379320854743     
  0.73199999999999998        4.3122858618650302     
  0.73299999999999998        4.3169264117338733     
  0.73399999999999999        4.3215595723242561     
  0.73499999999999999        4.3261853342872758     
  0.73599999999999999        4.3308036891010833     
  0.73699999999999999        4.3354146270440346     
  0.73799999999999999        4.3400181404364035     
  0.73899999999999999        4.3446142208019252     
  0.73999999999999999        4.3492028592666561     
  0.74099999999999999        4.3537840485966246     
  0.74199999999999999        4.3583577807518674     
  0.74299999999999999        4.3629240481072999     
  0.74399999999999999        4.3674828430426027     
  0.74500000000000000        4.3720341587621174     
  0.74600000000000000        4.3765779880628033     
  0.74700000000000000        4.3811143245660649     
  0.74800000000000000        4.3856431606554782     
  0.74900000000000000        4.3901644911891236     
  0.75000000000000000        4.3946783085423666     
  0.75100000000000000        4.3991846079825612     
  0.75200000000000000        4.4036833826997528     
  0.75300000000000000        4.4081746275355744     
  0.75400000000000000        4.4126583369082981     
  0.75500000000000000        4.4171345052246975     
  0.75600000000000001        4.4216031277140067     
  0.75700000000000001        4.4260641991749692     
  0.75800000000000001        4.4305177152286701     
  0.75900000000000001        4.4349636706417455     
  0.76000000000000001        4.4394020618420607     
  0.76100000000000001        4.4438328839791135     
  0.76200000000000001        4.4482561330220962     
  0.76300000000000001        4.4526718057635879     
  0.76400000000000001        4.4570798977072137     
  0.76500000000000001        4.4614804055988371     
  0.76600000000000001        4.4658733261600307     
  0.76700000000000002        4.4702586565106639     
  0.76800000000000002        4.4746363928925907     
  0.76900000000000002        4.4790065332186169     
  0.77000000000000002        4.4833690745211445     
  0.77100000000000002        4.4877240142260568     
  0.77200000000000002        4.4920713501533829     
  0.77300000000000002        4.4964110800892554     
  0.77400000000000002        4.5007432017835880     
  0.77500000000000002        4.5050677138074011     
  0.77600000000000002        4.5093846142651586     
  0.77700000000000002        4.5136939012204929     
  0.77800000000000002        4.5179955739888156     
  0.77900000000000003        4.5222896314150214     
  0.78000000000000003        4.5265760718682557     
  0.78100000000000003        4.5308548945368958     
  0.78200000000000003        4.5351260994322304     
  0.78300000000000003        4.5393896852191800     
  0.78400000000000003        4.5436456513811052     
  0.78500000000000003        4.5478939982234570     
  0.78600000000000003        4.5521347251321043     
  0.78700000000000003        4.5563678323129668     
  0.78800000000000003        4.5605933203581612     
  0.78900000000000003        4.5648111889325707     
  0.79000000000000004        4.5690214389591084     
  0.79100000000000004        4.5732240704291991     
  0.79200000000000004        4.5774190850336174     
  0.79300000000000004        4.5816064830893817     
  0.79400000000000004        4.5857862652927883     
  0.79500000000000004        4.5899584336032007     
  0.79600000000000004        4.5941229890392279     
  0.79700000000000004        4.5982799329988904     
  0.79800000000000004        4.6024292668172411     
  0.79900000000000004        4.6065709930956249     
  0.80000000000000004        4.6107051125979321     
  0.80100000000000005        4.6148316282412614     
  0.80200000000000005        4.6189505415445042     
  0.80300000000000005        4.6230618548479621     
  0.80400000000000005        4.6271655708704511     
  0.80500000000000005        4.6312616922630587     
  0.80600000000000005        4.6353502211596114     
  0.80700000000000005        4.6394311609647936     
  0.80800000000000005        4.6435045136681072     
  0.80900000000000005        4.6475702834280588     
  0.81000000000000005        4.6516284725355543     
  0.81100000000000005        4.6556790850041168     
  0.81200000000000006        4.6597221234225952     
  0.81299999999999994        4.6637575921053882     
  0.81399999999999995        4.6677854943895456     
  0.81499999999999995        4.6718058339851893     
  0.81599999999999995        4.6758186145234051     
  0.81699999999999995        4.6798238409153177     
  0.81799999999999995        4.6838215161794396     
  0.81899999999999995        4.6878116455213208     
  0.81999999999999995        4.6917942327035655     
  0.82099999999999995        4.6957692823148491     
  0.82199999999999995        4.6997367988610428     
  0.82299999999999995        4.7036967876771349     
  0.82399999999999995        4.7076492526443392     
  0.82499999999999996        4.7115941993854005     
  0.82599999999999996        4.7155316325233869     
  0.82699999999999996        4.7194615570514840     
  0.82799999999999996        4.7233839787934340     
  0.82899999999999996        4.7272989025675338     
  0.82999999999999996        4.7312063340216213     
  0.83099999999999996        4.7351062787148397     
  0.83199999999999996        4.7389987421161370     
  0.83299999999999996        4.7428837305266756     
  0.83399999999999996        4.7467612492336109     
  0.83499999999999996        4.7506313043554327     
  0.83599999999999997        4.7544939019186288     
  0.83699999999999997        4.7583490478562727     
  0.83799999999999997        4.7621967489355601     
  0.83899999999999997        4.7660370113664916     
  0.83999999999999997        4.7698698412634570     
  0.84099999999999997        4.7736952451098356     
  0.84199999999999997        4.7775132302256402     
  0.84299999999999997        4.7813238024362477     
  0.84399999999999997        4.7851269693359217     
  0.84499999999999997        4.7889227370206449     
  0.84599999999999997        4.7927111128901618     
  0.84699999999999998        4.7964921042472319     
  0.84799999999999998        4.8002657178269050     
  0.84899999999999998        4.8040319612025959     
  0.84999999999999998        4.8077908413784867     
  0.85099999999999998        4.8115423661985481     
  0.85199999999999998        4.8152865424646576     
  0.85299999999999998        4.8190233787617140     
  0.85399999999999998        4.8227528816873866     
  0.85499999999999998        4.8264750596238422     
  0.85599999999999998        4.8301899199064433     
  0.85699999999999998        4.8338974707128566     
  0.85799999999999998        4.8375977205924592     
  0.85899999999999999        4.8412906765687325     
  0.85999999999999999        4.8449763474573322     
  0.86099999999999999        4.8486547410205327     
  0.86199999999999999        4.8523258658659101     
  0.86299999999999999        4.8559897300202115     
  0.86399999999999999        4.8596463423571139     
  0.86499999999999999        4.8632957106907799     
  0.86599999999999999        4.8669378446380520     
  0.86699999999999999        4.8705727517992026     
  0.86799999999999999        4.8742004410999566     
  0.86899999999999999        4.8778209218387252     
  0.87000000000000000        4.8814342022484745     
  0.87100000000000000        4.8850402914122508     
  0.87200000000000000        4.8886391987860689     
  0.87300000000000000        4.8922309322755844     
  0.87400000000000000        4.8958155020813097     
  0.87500000000000000        4.8993929173345201     
  0.87600000000000000        4.9029631860918617     
  0.87700000000000000        4.9065263191936408     
  0.87800000000000000        4.9100823244755452     
  0.87900000000000000        4.9136312125605359     
  0.88000000000000000        4.9171729925127519     
  0.88100000000000001        4.9207076737689368     
  0.88200000000000001        4.9242352656546435     
  0.88300000000000001        4.9277557783546486     
  0.88400000000000001        4.9312692209723572     
  0.88500000000000001        4.9347756034705501     
  0.88600000000000001        4.9382749361880380     
  0.88700000000000001        4.9417672283790726     
  0.88800000000000001        4.9452524901593122     
  0.88900000000000001        4.9487307315330114     
  0.89000000000000001        4.9522019619036612     
  0.89100000000000001        4.9556661925163707     
  0.89200000000000002        4.9591234325499203     
  0.89300000000000002        4.9625736925368003     
  0.89400000000000002        4.9660169824076421     
  0.89500000000000002        4.9694533129606180     
  0.89600000000000002        4.9728826939003854     
  0.89700000000000002        4.9763051362910744     
  0.89800000000000002        4.9797206496100168     
  0.89900000000000002        4.9831292451876479     
  0.90000000000000002        4.9865309327655094     
  0.90100000000000002        4.9899257234487804     
  0.90200000000000002        4.9933136272436842     
  0.90300000000000002        4.9966946555230018     
  0.90400000000000003        5.0000688185593827     
  0.90500000000000003        5.0034361270052754     
  0.90600000000000003        5.0067965918943793     
  0.90700000000000003        5.0101502231561454     
  0.90800000000000003        5.0134970325875932     
  0.90900000000000003        5.0168370308820354     
  0.91000000000000003        5.0201702286182677     
  0.91100000000000003        5.0234966367573275     
  0.91200000000000003        5.0268162666439862     
  0.91300000000000003        5.0301291285140817     
  0.91400000000000003        5.0334352344807733     
  0.91500000000000004        5.0367345945512296     
  0.91600000000000004        5.0400272206121493     
  0.91700000000000004        5.0433131239390452     
  0.91800000000000004        5.0465923146938518     
  0.91900000000000004        5.0498648049229420     
  0.92000000000000004        5.0531306055598115     
  0.92100000000000004        5.0563897284254242     
  0.92200000000000004        5.0596421842254786     
  0.92300000000000004        5.0628879840519607     
  0.92400000000000004        5.0661271398869596     
  0.92500000000000004        5.0693596630980631     
  0.92600000000000005        5.0725855649391205     
  0.92700000000000005        5.0758048565498939     
  0.92800000000000005        5.0790175494595218     
  0.92900000000000005        5.0822236560922214     
  0.93000000000000005        5.0854231867433528     
  0.93100000000000005        5.0886161536110572     
  0.93200000000000005        5.0918025682768713     
  0.93300000000000005        5.0949824422092362     
  0.93400000000000005        5.0981557872692047     
  0.93500000000000005        5.1013226141928216     
  0.93600000000000005        5.1044829361344730     
  0.93700000000000006        5.1076367636044910     
  0.93799999999999994        5.1107841085196730     
  0.93899999999999995        5.1139249831927591     
  0.93999999999999995        5.1170593988093724     
  0.94099999999999995        5.1201873674583993     
  0.94199999999999995        5.1233089011174995     
  0.94299999999999995        5.1264240106343175     
  0.94399999999999995        5.1295327087804754     
  0.94499999999999995        5.1326350071985329     
  0.94599999999999995        5.1357309179292603     
  0.94699999999999995        5.1388204518811200     
  0.94799999999999995        5.1419036224037828     
  0.94899999999999995        5.1449804406942663     
  0.94999999999999996        5.1480509183483987     
  0.95099999999999996        5.1511150678744348     
  0.95199999999999996        5.1541729006467127     
  0.95299999999999996        5.1572244294657823     
  0.95399999999999996        5.1602696659979275     
  0.95499999999999996        5.1633086217984712     
  0.95599999999999996        5.1663413093391410     
  0.95699999999999996        5.1693677404690259     
  0.95799999999999996        5.1723879274416245     
  0.95899999999999996        5.1754018818868266     
  0.95999999999999996        5.1784096163544717     
  0.96099999999999997        5.1814111427712239     
  0.96199999999999997        5.1844064734703421     
  0.96299999999999997        5.1873956201610323     
  0.96399999999999997        5.1903785944431320     
  0.96499999999999997        5.1933554098740302     
  0.96599999999999997        5.1963260773214008     
  0.96699999999999997        5.1992906090942101     
  0.96799999999999997        5.2022490179120551     
  0.96899999999999997        5.2052013158706094     
  0.96999999999999997        5.2081475144399327     
  0.97099999999999997        5.2110876265375934     
  0.97199999999999998        5.2140216634193264     
  0.97299999999999998        5.2169496383095115     
  0.97399999999999998        5.2198715627699750     
  0.97499999999999998        5.2227874492949731     
  0.97599999999999998        5.2256973097535342     
  0.97699999999999998        5.2286011564289723     
  0.97799999999999998        5.2314990014995884     
  0.97899999999999998        5.2343908575598102     
  0.97999999999999998        5.2372767365787309     
  0.98099999999999998        5.2401566504203476     
  0.98199999999999998        5.2430306113657048     
  0.98299999999999998        5.2458986326368588     
  0.98399999999999999        5.2487607247407544     
  0.98499999999999999        5.2516169012150939     
  0.98599999999999999        5.2544671739273587     
  0.98699999999999999        5.2573115551648533     
  0.98799999999999999        5.2601500571122868     
  0.98899999999999999        5.2629826918518230     
  0.98999999999999999        5.2658094713630836     
  0.99099999999999999        5.2686304085728741     
  0.99199999999999999        5.2714455152576489     
  0.99299999999999999        5.2742548030914573     
  0.99399999999999999        5.2770582857488444     
  0.99500000000000000        5.2798559741767139     
  0.99600000000000000        5.2826478807974366     
  0.99700000000000000        5.2854340184601165     
  0.99800000000000000        5.2882143988614772     
  0.99900000000000000        5.2909890341245083     
   1.0000000000000000        5.2937579362725433     
