   0.0000000000000000       0.30590383418879352     
   1.0000000000000000E-003  0.30659239756510948     
   2.0000000000000000E-003  0.30728288795615666     
   3.0000000000000001E-003  0.30797531082798379     
   4.0000000000000001E-003  0.30866967176293836     
   5.0000000000000001E-003  0.30936597628521834     
   6.0000000000000001E-003  0.31006422991902227     
   7.0000000000000001E-003  0.31076443830484635     
   8.0000000000000002E-003  0.31146660690873973     
   8.9999999999999993E-003  0.31217074137119916     
   1.0000000000000000E-002  0.31287684727457232     
   1.0999999999999999E-002  0.31358493025935608     
   1.2000000000000000E-002  0.31429499584974829     
   1.2999999999999999E-002  0.31500704980254512     
   1.4000000000000000E-002  0.31572109764194456     
   1.4999999999999999E-002  0.31643714506659304     
   1.6000000000000000E-002  0.31715519771698730     
   1.7000000000000001E-002  0.31787526129177424     
   1.7999999999999999E-002  0.31859734137330087     
   1.9000000000000000E-002  0.31932144377651284     
   2.0000000000000000E-002  0.32004757414190688     
   2.1000000000000001E-002  0.32077573810998006     
   2.1999999999999999E-002  0.32150594149567768     
   2.3000000000000000E-002  0.32223818999764620     
   2.4000000000000000E-002  0.32297248937268153     
   2.5000000000000001E-002  0.32370884531943012     
   2.5999999999999999E-002  0.32444726359468767     
   2.7000000000000000E-002  0.32518774995525024     
   2.8000000000000001E-002  0.32593031027421249     
   2.9000000000000001E-002  0.32667495025022064     
   2.9999999999999999E-002  0.32742167569822045     
   3.1000000000000000E-002  0.32817049237500762     
   3.2000000000000001E-002  0.32892140621182619     
   3.3000000000000002E-002  0.32967442290732296     
   3.4000000000000002E-002  0.33042954839274175     
   3.5000000000000003E-002  0.33118678842487859     
   3.5999999999999997E-002  0.33194614893497776     
   3.6999999999999998E-002  0.33270763567983508     
   3.7999999999999999E-002  0.33347125464884453     
   3.9000000000000000E-002  0.33423701165695097     
   4.0000000000000001E-002  0.33500491257724929     
   4.1000000000000002E-002  0.33577496328283440     
   4.2000000000000003E-002  0.33654716976309995     
   4.2999999999999997E-002  0.33732153789114083     
   4.3999999999999997E-002  0.33809807359820110     
   4.4999999999999998E-002  0.33887678275737554     
   4.5999999999999999E-002  0.33965767135805780     
   4.7000000000000000E-002  0.34044074538964186     
   4.8000000000000001E-002  0.34122601072522218     
   4.9000000000000002E-002  0.34201347329604326     
   5.0000000000000003E-002  0.34280313920779737     
   5.0999999999999997E-002  0.34359501439172890     
   5.1999999999999998E-002  0.34438910472093265     
   5.2999999999999999E-002  0.34518541635925060     
   5.3999999999999999E-002  0.34598395517977765     
   5.5000000000000000E-002  0.34678472728820631     
   5.6000000000000001E-002  0.34758773867393034     
   5.7000000000000002E-002  0.34839299526819378     
   5.8000000000000003E-002  0.34920050329298824     
   5.8999999999999997E-002  0.35001026862140860     
   5.9999999999999998E-002  0.35082229735914727     
   6.0999999999999999E-002  0.35163659555374760     
   6.2000000000000000E-002  0.35245316931090198     
   6.3000000000000000E-002  0.35327202462000429     
   6.4000000000000001E-002  0.35409316764489618     
   6.5000000000000002E-002  0.35491660443312134     
   6.6000000000000003E-002  0.35574234103222258     
   6.7000000000000004E-002  0.35657038360604199     
   6.8000000000000005E-002  0.35740073826027219     
   6.9000000000000006E-002  0.35823341098430672     
   7.0000000000000007E-002  0.35906840805828677     
   7.0999999999999994E-002  0.35990573547160598     
   7.1999999999999995E-002  0.36074539944625572     
   7.2999999999999995E-002  0.36158740608792861     
   7.3999999999999996E-002  0.36243176144416778     
   7.4999999999999997E-002  0.36327847185326390     
   7.5999999999999998E-002  0.36412754324646068     
   7.6999999999999999E-002  0.36497898196204914     
   7.8000000000000000E-002  0.36583279404757207     
   7.9000000000000001E-002  0.36668898572502073     
   8.0000000000000002E-002  0.36754756321638704     
   8.1000000000000003E-002  0.36840853256921391     
   8.2000000000000003E-002  0.36927190006364241     
   8.3000000000000004E-002  0.37013767180536539     
   8.4000000000000005E-002  0.37100585407452302     
   8.5000000000000006E-002  0.37187645303495809     
   8.5999999999999993E-002  0.37274947490866184     
   8.6999999999999994E-002  0.37362492585947615     
   8.7999999999999995E-002  0.37450281216754222     
   8.8999999999999996E-002  0.37538313993855255     
   8.9999999999999997E-002  0.37626591545264820     
   9.0999999999999998E-002  0.37715114498996993     
   9.1999999999999998E-002  0.37803883465621035     
   9.2999999999999999E-002  0.37892899078966003     
   9.4000000000000000E-002  0.37982161955416083     
   9.5000000000000001E-002  0.38071672717170446     
   9.6000000000000002E-002  0.38161431998058115     
   9.7000000000000003E-002  0.38251440414463278     
   9.8000000000000004E-002  0.38341698594400075     
   9.9000000000000005E-002  0.38432207160067633     
  0.10000000000000001       0.38522966733665087     
  0.10100000000000001       0.38613977949021494     
  0.10199999999999999       0.38705241428336001     
  0.10299999999999999       0.38796757793807757     
  0.10400000000000000       0.38888527679265816     
  0.10500000000000000       0.38980551701094368     
  0.10600000000000000       0.39072830498937405     
  0.10700000000000000       0.39165364683364168     
  0.10800000000000000       0.39258154894018660     
  0.10900000000000000       0.39351201747285092     
  0.11000000000000000       0.39444505882807424     
  0.11100000000000000       0.39538067916969888     
  0.11200000000000000       0.39631888483601507     
  0.11300000000000000       0.39725968204901441     
  0.11400000000000000       0.39820307708883773     
  0.11500000000000000       0.39914907629377550     
  0.11600000000000001       0.40009768588581940     
  0.11700000000000001       0.40104891214511018     
  0.11799999999999999       0.40200276135178847     
  0.11899999999999999       0.40295923972784653     
  0.12000000000000000       0.40391835366972373     
  0.12100000000000000       0.40488010934126217     
  0.12200000000000000       0.40584451308075220     
  0.12300000000000000       0.40681157111018540     
  0.12400000000000000       0.40778128970970284     
  0.12500000000000000       0.40875367515944516     
  0.12600000000000000       0.40972873373955365     
  0.12700000000000000       0.41070647173016916     
  0.12800000000000000       0.41168689535328307     
  0.12900000000000000       0.41267001088903632     
  0.13000000000000000       0.41365582461757000     
  0.13100000000000001       0.41464434276087547     
  0.13200000000000001       0.41563557159909392     
  0.13300000000000001       0.41662951735421661     
  0.13400000000000001       0.41762618636453397     
  0.13500000000000001       0.41862558473573885     
  0.13600000000000001       0.41962771886427075     
  0.13700000000000001       0.42063259485582238     
  0.13800000000000001       0.42164021904868410     
  0.13900000000000001       0.42265059760669821     
  0.14000000000000001       0.42366373681000546     
  0.14099999999999999       0.42467964288059745     
  0.14199999999999999       0.42569832198231594     
  0.14299999999999999       0.42671978039530223     
  0.14399999999999999       0.42774402428339819     
  0.14499999999999999       0.42877105986859521     
  0.14599999999999999       0.42980089331473570     
  0.14699999999999999       0.43083353090196030     
  0.14799999999999999       0.43186897879411112     
  0.14899999999999999       0.43290724315503015     
  0.14999999999999999       0.43394833014855971     
  0.15100000000000000       0.43499224593854158     
  0.15200000000000000       0.43603899668881785     
  0.15300000000000000       0.43708858862138011     
  0.15400000000000000       0.43814102784192077     
  0.15500000000000000       0.43919632045613233     
  0.15600000000000000       0.44025447268600693     
  0.15700000000000000       0.44131549057908714     
  0.15800000000000000       0.44237938029921509     
  0.15900000000000000       0.44344614795208326     
  0.16000000000000000       0.44451579964338450     
  0.16100000000000000       0.44558834147881132     
  0.16200000000000001       0.44666377950590697     
  0.16300000000000001       0.44774211988851309     
  0.16400000000000001       0.44882336855787430     
  0.16500000000000001       0.44990753167783260     
  0.16600000000000001       0.45099461529593099     
  0.16700000000000001       0.45208462540156313     
  0.16800000000000001       0.45317756810042198     
  0.16900000000000001       0.45427344932375124     
  0.17000000000000001       0.45537227511909439     
  0.17100000000000001       0.45647405147584497     
  0.17199999999999999       0.45757878438339672     
  0.17299999999999999       0.45868647983114341     
  0.17399999999999999       0.45979714375032932     
  0.17499999999999999       0.46091078213034786     
  0.17599999999999999       0.46202740090244332     
  0.17699999999999999       0.46314700599786007     
  0.17799999999999999       0.46426960328969280     
  0.17899999999999999       0.46539519876733537     
  0.17999999999999999       0.46652379818758338     
  0.18099999999999999       0.46765540753983070     
  0.18200000000000000       0.46879003263902264     
  0.18300000000000000       0.46992767930010448     
  0.18400000000000000       0.47106835345432041     
  0.18500000000000000       0.47221206085846634     
  0.18600000000000000       0.47335880726933821     
  0.18700000000000000       0.47450859856003080     
  0.18800000000000000       0.47566144042919023     
  0.18900000000000000       0.47681733869176235     
  0.19000000000000000       0.47797629910454265     
  0.19100000000000000       0.47913832730802819     
  0.19200000000000000       0.48030342911716428     
  0.19300000000000000       0.48147161011429851     
  0.19400000000000001       0.48264287611437606     
  0.19500000000000001       0.48381723264159526     
  0.19600000000000001       0.48499468539460222     
  0.19700000000000001       0.48617524001389389     
  0.19800000000000001       0.48735890208181798     
  0.19900000000000001       0.48854567718072217     
  0.20000000000000001       0.48973557089295350     
  0.20100000000000001       0.49092858880085988     
  0.20200000000000001       0.49212473637048970     
  0.20300000000000001       0.49332401912604107     
  0.20399999999999999       0.49452644259171208     
  0.20499999999999999       0.49573201223355112     
  0.20599999999999999       0.49694073351760748     
  0.20699999999999999       0.49815261179363002     
  0.20799999999999999       0.49936765258581717     
  0.20899999999999999       0.50058586118576942     
  0.20999999999999999       0.50180724300138535     
  0.21099999999999999       0.50303180344056453     
  0.21199999999999999       0.50425954767860803     
  0.21299999999999999       0.50549048118156481     
  0.21400000000000000       0.50672460906658645     
  0.21500000000000000       0.50796193674157242     
  0.21600000000000000       0.50920246932367452     
  0.21700000000000000       0.51044621210449237     
  0.21800000000000000       0.51169317020117888     
  0.21900000000000000       0.51294334878903469     
  0.22000000000000000       0.51419675304336132     
  0.22100000000000000       0.51545338802316087     
  0.22200000000000000       0.51671325884558605     
  0.22300000000000000       0.51797637056963852     
  0.22400000000000000       0.51924272825432150     
  0.22500000000000001       0.52051233684233744     
  0.22600000000000001       0.52178520133454009     
  0.22700000000000001       0.52306132673178229     
  0.22800000000000001       0.52434071791861792     
  0.22900000000000001       0.52562337983775098     
  0.23000000000000001       0.52690931731558521     
  0.23100000000000001       0.52819853517852611     
  0.23200000000000001       0.52949103836927680     
  0.23300000000000001       0.53078683148164418     
  0.23400000000000001       0.53208591945833161     
  0.23499999999999999       0.53338830695129591     
  0.23599999999999999       0.53469399861249278     
  0.23699999999999999       0.53600299921017736     
  0.23799999999999999       0.53731531328000703     
  0.23899999999999999       0.53863094553208768     
  0.23999999999999999       0.53994990050207714     
  0.24099999999999999       0.54127218272563193     
  0.24199999999999999       0.54259779668026020     
  0.24299999999999999       0.54392674695976884     
  0.24399999999999999       0.54525903792536679     
  0.24500000000000000       0.54659467405456219     
  0.24600000000000000       0.54793365970856400     
  0.24700000000000000       0.54927599919043146     
  0.24800000000000000       0.55062169691952301     
  0.24900000000000000       0.55197075708259935     
  0.25000000000000000       0.55332318398272018     
  0.25100000000000000       0.55467898186479569     
  0.25200000000000000       0.55603815485743668     
  0.25300000000000000       0.55740070714740408     
  0.25400000000000000       0.55876664280515986     
  0.25500000000000000       0.56013596590116510     
  0.25600000000000001       0.56150868056403125     
  0.25700000000000001       0.56288479068977182     
  0.25800000000000001       0.56426430029069885     
  0.25900000000000001       0.56564721332097556     
  0.26000000000000001       0.56703353361846531     
  0.26100000000000001       0.56842326507918206     
  0.26200000000000001       0.56981641154098917     
  0.26300000000000001       0.57121297666730242     
  0.26400000000000001       0.57261296435413556     
  0.26500000000000001       0.57401637814860451     
  0.26600000000000001       0.57542322183042427     
  0.26700000000000002       0.57683349894671121     
  0.26800000000000002       0.57824721310273164     
  0.26900000000000002       0.57966436778745267     
  0.27000000000000002       0.58108496660614040     
  0.27100000000000002       0.58250901293146296     
  0.27200000000000002       0.58393651019423842     
  0.27300000000000002       0.58536746176713494     
  0.27400000000000002       0.58680187102282066     
  0.27500000000000002       0.58823974115951549     
  0.27600000000000002       0.58968107554988802     
  0.27700000000000002       0.59112587727585897     
  0.27800000000000002       0.59257414953564846     
  0.27900000000000003       0.59402589546932716     
  0.28000000000000003       0.59548111810066606     
  0.28100000000000003       0.59693982051158678     
  0.28199999999999997       0.59840200566771085     
  0.28299999999999997       0.59986767647651140     
  0.28399999999999997       0.60133683584546094     
  0.28499999999999998       0.60280948662388245     
  0.28599999999999998       0.60428563160294990     
  0.28699999999999998       0.60576527351568821     
  0.28799999999999998       0.60724841509512029     
  0.28899999999999998       0.60873505901612224     
  0.28999999999999998       0.61022520783726919     
  0.29099999999999998       0.61171886411713783     
  0.29199999999999998       0.61321603047245299     
  0.29299999999999998       0.61471670922919297     
  0.29399999999999998       0.61622090288778431     
  0.29499999999999998       0.61772861383235433     
  0.29599999999999999       0.61923984433073209     
  0.29699999999999999       0.62075459665074617     
  0.29799999999999999       0.62227287300207523     
  0.29899999999999999       0.62379467559439949     
  0.29999999999999999       0.62532000652109843     
  0.30099999999999999       0.62684886787555305     
  0.30199999999999999       0.62838126163484409     
  0.30299999999999999       0.62991718977605338     
  0.30399999999999999       0.63145665421811281     
  0.30499999999999999       0.63299965676365533     
  0.30599999999999999       0.63454619933161305     
  0.30700000000000000       0.63609628355017067     
  0.30800000000000000       0.63764991122196069     
  0.30900000000000000       0.63920708391701919     
  0.31000000000000000       0.64076780326353044     
  0.31100000000000000       0.64233207077337995     
  0.31200000000000000       0.64389988795845432     
  0.31300000000000000       0.64547125621433921     
  0.31400000000000000       0.64704617699477218     
  0.31500000000000000       0.64862465152089133     
  0.31600000000000000       0.65020668107198420     
  0.31700000000000000       0.65179226692733927     
  0.31800000000000000       0.65338141013364659     
  0.31900000000000001       0.65497411185389520     
  0.32000000000000001       0.65657037307662547     
  0.32100000000000001       0.65817019484852812     
  0.32200000000000001       0.65977357804184433     
  0.32300000000000001       0.66138052347066689     
  0.32400000000000001       0.66299103206538734     
  0.32500000000000001       0.66460510452379840     
  0.32600000000000001       0.66622274148554439     
  0.32700000000000001       0.66784394359026922     
  0.32800000000000001       0.66946871147761677     
  0.32900000000000001       0.67109704555463390     
  0.33000000000000002       0.67272894640281455     
  0.33100000000000002       0.67436441431290572     
  0.33200000000000002       0.67600344963380476     
  0.33300000000000002       0.67764605271440814     
  0.33400000000000002       0.67929222361286512     
  0.33500000000000002       0.68094196261992335     
  0.33600000000000002       0.68259526979373208     
  0.33700000000000002       0.68425214513429089     
  0.33800000000000002       0.68591258858345094     
  0.33900000000000002       0.68757660008306254     
  0.34000000000000002       0.68924417945867744     
  0.34100000000000003       0.69091532653584742     
  0.34200000000000003       0.69259004096567511     
  0.34300000000000003       0.69426832245741399     
  0.34399999999999997       0.69595017054586772     
  0.34499999999999997       0.69763558476584131     
  0.34599999999999997       0.69932456459398962     
  0.34699999999999998       0.70101710950696727     
  0.34799999999999998       0.70271321869068193     
  0.34899999999999998       0.70441289150548969     
  0.34999999999999998       0.70611612719544792     
  0.35099999999999998       0.70782292477201558     
  0.35199999999999998       0.70953328347924960     
  0.35299999999999998       0.71124720215416160     
  0.35399999999999998       0.71296467986636003     
  0.35499999999999998       0.71468571545285520     
  0.35599999999999998       0.71641030775065873     
  0.35699999999999998       0.71813845548048261     
  0.35799999999999998       0.71987015736303905     
  0.35899999999999999       0.72160541200274020     
  0.35999999999999999       0.72334421788770120     
  0.36099999999999999       0.72508657356418538     
  0.36199999999999999       0.72683247746215773     
  0.36299999999999999       0.72858192789528409     
  0.36399999999999999       0.73033492311908055     
  0.36499999999999999       0.73209146144721293     
  0.36599999999999999       0.73385154090260030     
  0.36699999999999999       0.73561515968260927     
  0.36799999999999999       0.73738231575200897     
  0.36899999999999999       0.73915300701741926     
  0.37000000000000000       0.74092723138545979     
  0.37100000000000000       0.74270498670460050     
  0.37200000000000000       0.74448627064886375     
  0.37300000000000000       0.74627108089227123     
  0.37400000000000000       0.74805941505069495     
  0.37500000000000000       0.74985127074000779     
  0.37600000000000000       0.75164664528533476     
  0.37700000000000000       0.75344553618624932     
  0.37800000000000000       0.75524794070972701     
  0.37900000000000000       0.75705385618089349     
  0.38000000000000000       0.75886327969227585     
  0.38100000000000001       0.76067620845270012     
  0.38200000000000001       0.76249263943839485     
  0.38300000000000001       0.76431256968373762     
  0.38400000000000001       0.76613599604865890     
  0.38500000000000001       0.76796291539308736     
  0.38600000000000001       0.76979332451880311     
  0.38700000000000001       0.77162722011128770     
  0.38800000000000001       0.77346459879787299     
  0.38900000000000001       0.77530545708959120     
  0.39000000000000001       0.77714979155562469     
  0.39100000000000001       0.77899759853255812     
  0.39200000000000002       0.78084887447327489     
  0.39300000000000002       0.78270361553991075     
  0.39400000000000002       0.78456181801090130     
  0.39500000000000002       0.78642347799023260     
  0.39600000000000002       0.78828859158189135     
  0.39700000000000002       0.79015715477356552     
  0.39800000000000002       0.79202916349479335     
  0.39900000000000002       0.79390461355881436     
  0.40000000000000002       0.79578350077886739     
  0.40100000000000002       0.79766582085189297     
  0.40200000000000002       0.79955156947483186     
  0.40300000000000002       0.80144074217017613     
  0.40400000000000003       0.80333333446041788     
  0.40500000000000003       0.80522934175175043     
  0.40600000000000003       0.80712875945036666     
  0.40699999999999997       0.80903158284616072     
  0.40799999999999997       0.81093780705457874     
  0.40899999999999997       0.81284742736551574     
  0.40999999999999998       0.81476043877811755     
  0.41099999999999998       0.81667683634968125     
  0.41199999999999998       0.81859661490490532     
  0.41299999999999998       0.82051976950108663     
  0.41399999999999998       0.82244629473032549     
  0.41499999999999998       0.82437618547547031     
  0.41599999999999998       0.82630943632862164     
  0.41699999999999998       0.82824604188188089     
  0.41799999999999998       0.83018599661104964     
  0.41899999999999998       0.83212929505007915     
  0.41999999999999998       0.83407593150032322     
  0.42099999999999999       0.83602590032128510     
  0.42199999999999999       0.83797919569801893     
  0.42299999999999999       0.83993581187372901     
  0.42399999999999999       0.84189574285902213     
  0.42499999999999999       0.84385898272265303     
  0.42599999999999999       0.84582552541707989     
  0.42699999999999999       0.84779536477845996     
  0.42799999999999999       0.84976849475924965     
  0.42899999999999999       0.85174490896301003     
  0.42999999999999999       0.85372460122589833     
  0.43099999999999999       0.85570756497702694     
  0.43200000000000000       0.85769379393625411     
  0.43300000000000000       0.85968328147454320     
  0.43400000000000000       0.86167602102100527     
  0.43500000000000000       0.86367200588845283     
  0.43600000000000000       0.86567122938969976     
  0.43700000000000000       0.86767368477940887     
  0.43800000000000000       0.86967936507964616     
  0.43900000000000000       0.87168826342877592     
  0.44000000000000000       0.87370037279071400     
  0.44100000000000000       0.87571568607122763     
  0.44200000000000000       0.87773419623423266     
  0.44300000000000000       0.87975589601104742     
  0.44400000000000001       0.88178077819113976     
  0.44500000000000001       0.88380883538952903     
  0.44600000000000001       0.88584006016308559     
  0.44700000000000001       0.88787444512682834     
  0.44800000000000001       0.88991198272132888     
  0.44900000000000001       0.89195266532900841     
  0.45000000000000001       0.89399648533228881     
  0.45100000000000001       0.89604343499729300     
  0.45200000000000001       0.89809350647384445     
  0.45300000000000001       0.90014669196991615     
  0.45400000000000001       0.90220298351903327     
  0.45500000000000002       0.90426237315472102     
  0.45600000000000002       0.90632485285235442     
  0.45700000000000002       0.90839041441286095     
  0.45800000000000002       0.91045904975346637     
  0.45900000000000002       0.91253075061694822     
  0.46000000000000002       0.91460550868793522     
  0.46100000000000002       0.91668331553475602     
  0.46200000000000002       0.91876416284203866     
  0.46300000000000002       0.92084804206181414     
  0.46400000000000002       0.92293494464611281     
  0.46500000000000002       0.92502486198881506     
  0.46600000000000003       0.92711778542565293     
  0.46700000000000003       0.92921370617605858     
  0.46800000000000003       0.93131261551761413     
  0.46899999999999997       0.93341450449530394     
  0.46999999999999997       0.93551936432856020     
  0.47099999999999997       0.93762718594606853     
  0.47199999999999998       0.93973796033466339     
  0.47299999999999998       0.94185167836488093     
  0.47399999999999998       0.94396833096540678     
  0.47499999999999998       0.94608790889047678     
  0.47599999999999998       0.94821040283617930     
  0.47699999999999998       0.95033580355675085     
  0.47799999999999998       0.95246410163198014     
  0.47899999999999998       0.95459528758350642     
  0.47999999999999998       0.95672935193296871     
  0.48099999999999998       0.95886628514385652     
  0.48199999999999998       0.96100607762151058     
  0.48299999999999998       0.96314871971312099     
  0.48399999999999999       0.96529420164957980     
  0.48499999999999999       0.96744251371992873     
  0.48599999999999999       0.96959364609690968     
  0.48699999999999999       0.97174758877881673     
  0.48799999999999999       0.97390433199654192     
  0.48899999999999999       0.97606386569023007     
  0.48999999999999999       0.97822617980002557     
  0.49099999999999999       0.98039126426607259     
  0.49199999999999999       0.98255910897036669     
  0.49299999999999999       0.98472970367860380     
  0.49399999999999999       0.98690303809833124     
  0.49500000000000000       0.98907910205339422     
  0.49600000000000000       0.99125788513504087     
  0.49700000000000000       0.99343937693451889     
  0.49800000000000000       0.99562356698492649     
  0.49900000000000000       0.99781044487751203     
  0.50000000000000000        1.0000000000000000     
  0.50100000000000000        1.0021922217974861     
  0.50200000000000000        1.0043870996387341     
  0.50300000000000000        1.0065846227835209     
  0.50400000000000000        1.0087847805361889     
  0.50500000000000000        1.0109875621119500     
  0.50600000000000001        1.0131929567260158     
  0.50700000000000001        1.0154009535044679     
  0.50800000000000001        1.0176115414842570     
  0.50900000000000001        1.0198247097023341     
  0.51000000000000001        1.0220404472847804     
  0.51100000000000001        1.0242587430011554     
  0.51200000000000001        1.0264795858884099     
  0.51300000000000001        1.0287029648052339     
  0.51400000000000001        1.0309288685211868     
  0.51500000000000001        1.0331572858949585     
  0.51600000000000001        1.0353882056069779     
  0.51700000000000002        1.0376216164268044     
  0.51800000000000002        1.0398575069457365     
  0.51900000000000002        1.0420958658442032     
  0.52000000000000002        1.0443366817135029     
  0.52100000000000002        1.0465799430558036     
  0.52200000000000002        1.0488256383732733     
  0.52300000000000002        1.0510737561680799     
  0.52400000000000002        1.0533242849423914     
  0.52500000000000002        1.0555772130201149     
  0.52600000000000002        1.0578325287251573     
  0.52700000000000002        1.0600902204705562     
  0.52800000000000002        1.0623502764910882     
  0.52900000000000003        1.0646126850215296     
  0.53000000000000003        1.0668774342966572     
  0.53100000000000003        1.0691445126403778     
  0.53200000000000003        1.0714139080200766     
  0.53300000000000003        1.0736856086705302     
  0.53400000000000003        1.0759596026482541     
  0.53500000000000003        1.0782358780097638     
  0.53600000000000003        1.0805144228115751     
  0.53700000000000003        1.0827952250210728     
  0.53800000000000003        1.0850782726056423     
  0.53900000000000003        1.0873635535326684     
  0.54000000000000004        1.0896510556804060     
  0.54100000000000004        1.0919407670162400     
  0.54200000000000004        1.0942326752401641     
  0.54300000000000004        1.0965267683195634     
  0.54400000000000004        1.0988230339544316     
  0.54500000000000004        1.1011214599338928     
  0.54600000000000004        1.1034220341362015     
  0.54700000000000004        1.1057247440830906     
  0.54800000000000004        1.1080295776528146     
  0.54900000000000004        1.1103365223671062     
  0.55000000000000004        1.1126455660150896     
  0.55100000000000005        1.1149566961184973     
  0.55200000000000005        1.1172699003773232     
  0.55300000000000005        1.1195851662241694     
  0.55400000000000005        1.1219024813590295     
  0.55500000000000005        1.1242218333036362     
  0.55600000000000005        1.1265432095797223     
  0.55700000000000005        1.1288665976198899     
  0.55800000000000005        1.1311919849458718     
  0.55900000000000005        1.1335193589902701     
  0.56000000000000005        1.1358487072748176     
  0.56100000000000005        1.1381800171429859     
  0.56200000000000006        1.1405132760273773     
  0.56299999999999994        1.1428484713605940     
  0.56399999999999995        1.1451855904861077     
  0.56499999999999995        1.1475246207473901     
  0.56599999999999995        1.1498655495770436     
  0.56699999999999995        1.1522083641402787     
  0.56799999999999995        1.1545530518696978     
  0.56899999999999995        1.1568996001087726     
  0.56999999999999995        1.1592479961118443     
  0.57099999999999995        1.1615982270441236     
  0.57199999999999995        1.1639502803382129     
  0.57299999999999995        1.1663041430701924     
  0.57399999999999995        1.1686598026726642     
  0.57499999999999996        1.1710172463108393     
  0.57599999999999996        1.1733764611499282     
  0.57699999999999996        1.1757374344442724     
  0.57799999999999996        1.1781001533590825     
  0.57899999999999996        1.1804646052378303     
  0.57999999999999996        1.1828307770674655     
  0.58099999999999996        1.1851986561914600     
  0.58199999999999996        1.1875682296858940     
  0.58299999999999996        1.1899394848051088     
  0.58399999999999996        1.1923124086251846     
  0.58499999999999996        1.1946869884004627     
  0.58599999999999997        1.1970632112070234     
  0.58699999999999997        1.1994410642100775     
  0.58799999999999997        1.2018205345748356     
  0.58899999999999997        1.2042016094665087     
  0.58999999999999997        1.2065842759611769     
  0.59099999999999997        1.2089685212240511     
  0.59199999999999997        1.2113543324203420     
  0.59299999999999997        1.2137416967152603     
  0.59399999999999997        1.2161306011848865     
  0.59499999999999997        1.2185210329944312     
  0.59599999999999997        1.2209129793091051     
  0.59699999999999998        1.2233064271158582     
  0.59799999999999998        1.2257013637581622     
  0.59899999999999998        1.2280977763120973     
  0.59999999999999998        1.2304956518537438     
  0.60099999999999998        1.2328949775483125     
  0.60199999999999998        1.2352957406501446     
  0.60299999999999998        1.2376979282353204     
  0.60399999999999998        1.2401015273799203     
  0.60499999999999998        1.2425065254274159     
  0.60599999999999998        1.2449129093647571     
  0.60699999999999998        1.2473206665354155     
  0.60799999999999998        1.2497297840154715     
  0.60899999999999999        1.2521402489701359     
  0.60999999999999999        1.2545520486537498     
  0.61099999999999999        1.2569651703206546     
  0.61199999999999999        1.2593796010469305     
  0.61299999999999999        1.2617953281760492     
  0.61399999999999999        1.2642123388732216     
  0.61499999999999999        1.2666306203927888     
  0.61599999999999999        1.2690501599890922     
  0.61699999999999999        1.2714709449164729     
  0.61799999999999999        1.2738929625184028     
  0.61899999999999999        1.2763161998709620     
  0.62000000000000000        1.2787406444958833     
  0.62100000000000000        1.2811662835583775     
  0.62200000000000000        1.2835931044019162     
  0.62300000000000000        1.2860210943699713     
  0.62400000000000000        1.2884502408951448     
  0.62500000000000000        1.2908805311426477     
  0.62600000000000000        1.2933119526342125     
  0.62700000000000000        1.2957444928024415     
  0.62800000000000000        1.2981781389016760     
  0.62900000000000000        1.3006128784536486     
  0.63000000000000000        1.3030486988018311     
  0.63100000000000001        1.3054855874679561     
  0.63200000000000001        1.3079235319737563     
  0.63300000000000001        1.3103625196627036     
  0.63400000000000001        1.3128025381456609     
  0.63500000000000001        1.3152435749443612     
  0.63600000000000001        1.3176856175805369     
  0.63700000000000001        1.3201286535759209     
  0.63800000000000001        1.3225726705413763     
  0.63900000000000001        1.3250176560877662     
  0.64000000000000001        1.3274635977368234     
  0.64100000000000001        1.3299104832776720     
  0.64200000000000002        1.3323583003211752     
  0.64300000000000002        1.3348070364781961     
  0.64400000000000002        1.3372566794487284     
  0.64500000000000002        1.3397072171110267     
  0.64600000000000002        1.3421586370759542     
  0.64700000000000002        1.3446109271326350     
  0.64800000000000002        1.3470640750701932     
  0.64900000000000002        1.3495180686777530     
  0.65000000000000002        1.3519728959226995     
  0.65100000000000002        1.3544285445050264     
  0.65200000000000002        1.3568850024812491     
  0.65300000000000002        1.3593422575513614     
  0.65400000000000003        1.3618002978610093     
  0.65500000000000003        1.3642591112884475     
  0.65600000000000003        1.3667186858010609     
  0.65700000000000003        1.3691790093662348     
  0.65800000000000003        1.3716400701296152     
  0.65900000000000003        1.3741018561477176     
  0.66000000000000003        1.3765643554770577     
  0.66100000000000003        1.3790275562632814     
  0.66200000000000003        1.3814914465629045     
  0.66300000000000003        1.3839560146998338     
  0.66400000000000003        1.3864212488197154     
  0.66500000000000004        1.3888871371573259     
  0.66600000000000004        1.3913536679474419     
  0.66700000000000004        1.3938208295139702     
  0.66800000000000004        1.3962886100916876     
  0.66900000000000004        1.3987569981827619     
  0.67000000000000004        1.4012259821111002     
  0.67100000000000004        1.4036955502006094     
  0.67200000000000004        1.4061656910425882     
  0.67300000000000004        1.4086363929609433     
  0.67400000000000004        1.4111076445469735     
  0.67500000000000004        1.4135794343919770     
  0.67600000000000005        1.4160517509089914     
  0.67700000000000005        1.4185245827784456     
  0.67800000000000005        1.4209979186807686     
  0.67900000000000005        1.4234717472072589     
  0.68000000000000005        1.4259460571274758     
  0.68100000000000005        1.4284208370327178     
  0.68200000000000005        1.4308960757816749     
  0.68300000000000005        1.4333717622330369     
  0.68400000000000005        1.4358478850672327     
  0.68500000000000005        1.4383244332320828     
  0.68600000000000005        1.4408013956754075     
  0.68700000000000006        1.4432787612558968     
  0.68799999999999994        1.4457565189213710     
  0.68899999999999995        1.4482346576196505     
  0.68999999999999995        1.4507131665659472     
  0.69099999999999995        1.4531920347080813     
  0.69199999999999995        1.4556712511721344     
  0.69299999999999995        1.4581508050841876     
  0.69399999999999995        1.4606306856594529     
  0.69499999999999995        1.4631108820240115     
  0.69599999999999995        1.4655913835713363     
  0.69699999999999995        1.4680721794275087     
  0.69799999999999995        1.4705532589860013     
  0.69899999999999995        1.4730346116402870     
  0.69999999999999996        1.4755162267838386     
  0.70099999999999996        1.4779980937209984     
  0.70199999999999996        1.4804802021126306     
  0.70299999999999996        1.4829625412630776     
  0.70399999999999996        1.4854451008332035     
  0.70499999999999996        1.4879278703947421     
  0.70599999999999996        1.4904108396085576     
  0.70699999999999996        1.4928939979572533     
  0.70799999999999996        1.4953773353690849     
  0.70899999999999996        1.4978608414157861     
  0.70999999999999996        1.5003445059364822     
  0.71099999999999997        1.5028283186811677     
  0.71199999999999997        1.5053122694889680     
  0.71299999999999997        1.5077963483772692     
  0.71399999999999997        1.5102805450960659     
  0.71499999999999997        1.5127648497518749     
  0.71599999999999997        1.5152492522729517     
  0.71699999999999997        1.5177337427658131     
  0.71799999999999997        1.5202183112478451     
  0.71899999999999997        1.5227029478255645     
  0.71999999999999997        1.5251876426946183     
  0.72099999999999997        1.5276723861397841     
  0.72199999999999998        1.5301571682675785     
  0.72299999999999998        1.5326419793627792     
  0.72399999999999998        1.5351268097992943     
  0.72499999999999998        1.5376116499510317     
  0.72599999999999998        1.5400964902810301     
  0.72699999999999998        1.5425813209849366     
  0.72799999999999998        1.5450661327931812     
  0.72899999999999998        1.5475509161688024     
  0.72999999999999998        1.5500356616639692     
  0.73099999999999998        1.5525203598308508     
  0.73199999999999998        1.5550050013107466     
  0.73299999999999998        1.5574895768340866     
  0.73399999999999999        1.5599740771313009     
  0.73499999999999999        1.5624584929328194     
  0.73599999999999999        1.5649428151473330     
  0.73699999999999999        1.5674270344161414     
  0.73799999999999999        1.5699111418261964     
  0.73899999999999999        1.5723951282861890     
  0.73999999999999999        1.5748789846156797     
  0.74099999999999999        1.5773627019907508     
  0.74199999999999999        1.5798462714092238     
  0.74299999999999999        1.5823296839580507     
  0.74399999999999999        1.5848129307241834     
  0.74500000000000000        1.5872960029728347     
  0.74600000000000000        1.5897788918800870     
  0.74700000000000000        1.5922615888002838     
  0.74800000000000000        1.5947440848203769     
  0.74900000000000000        1.5972263715621011     
  0.75000000000000000        1.5997084401124084     
  0.75100000000000000        1.6021902821821641     
  0.75200000000000000        1.6046718890365810     
  0.75300000000000000        1.6071532522973939     
  0.75400000000000000        1.6096343634972072     
  0.75500000000000000        1.6121152141686252     
  0.75600000000000001        1.6145957960225132     
  0.75700000000000001        1.6170761006806060     
  0.75800000000000001        1.6195561199428994     
  0.75900000000000001        1.6220358454311281     
  0.76000000000000001        1.6245152691235489     
  0.76100000000000001        1.6269943827310271     
  0.76200000000000001        1.6294731781426890     
  0.76300000000000001        1.6319516474259217     
  0.76400000000000001        1.6344297823807210     
  0.76500000000000001        1.6369075750744742     
  0.76600000000000001        1.6393850175745683     
  0.76700000000000002        1.6418621020375213     
  0.76800000000000002        1.6443388204415896     
  0.76900000000000002        1.6468151651215521     
  0.77000000000000002        1.6492911282339264     
  0.77100000000000002        1.6517667020243607     
  0.77200000000000002        1.6542418788276336     
  0.77300000000000002        1.6567166509785238     
  0.77400000000000002        1.6591910108118100     
  0.77500000000000002        1.6616649508405317     
  0.77600000000000002        1.6641384634885981     
  0.77700000000000002        1.6666115411799183     
  0.77800000000000002        1.6690841766057929     
  0.77900000000000003        1.6715563623683920     
  0.78000000000000003        1.6740280909807552     
  0.78100000000000003        1.6764993551341831     
  0.78200000000000003        1.6789701476982373     
  0.78300000000000003        1.6814404612750877     
  0.78400000000000003        1.6839102886451656     
  0.78500000000000003        1.6863796227671628     
  0.78600000000000003        1.6888484564215105     
  0.78700000000000003        1.6913167825669007     
  0.78800000000000003        1.6937845942511558     
  0.78900000000000003        1.6962518843438374     
  0.79000000000000004        1.6987186459818986     
  0.79100000000000004        1.7011848721240312     
  0.79200000000000004        1.7036505560854494     
  0.79300000000000004        1.7061156909139754     
  0.79400000000000004        1.7085802697465624     
  0.79500000000000004        1.7110442859875548     
  0.79600000000000004        1.7135077328630359     
  0.79700000000000004        1.7159706036882199     
  0.79800000000000004        1.7184328917783205     
  0.79900000000000004        1.7208945907159432     
  0.80000000000000004        1.7233556937271715     
  0.80100000000000005        1.7258161944837411     
  0.80200000000000005        1.7282760863899966     
  0.80300000000000005        1.7307353630285434     
  0.80400000000000005        1.7331940180711172     
  0.80500000000000005        1.7356520451894539     
  0.80600000000000005        1.7381094379661590     
  0.80700000000000005        1.7405661902512293     
  0.80800000000000005        1.7430222956272701     
  0.80900000000000005        1.7454777481225392     
  0.81000000000000005        1.7479325414087725     
  0.81100000000000005        1.7503866695142278     
  0.81200000000000006        1.7528401261997715     
  0.81299999999999994        1.7552929055827917     
  0.81399999999999995        1.7577450016024159     
  0.81499999999999995        1.7601964082869017     
  0.81599999999999995        1.7626471196645070     
  0.81699999999999995        1.7650971300308811     
  0.81799999999999995        1.7675464333251512     
  0.81899999999999995        1.7699950239320970     
  0.81999999999999995        1.7724428959691068     
  0.82099999999999995        1.7748900437318298     
  0.82199999999999995        1.7773364615159153     
  0.82299999999999995        1.7797821437952734     
  0.82399999999999995        1.7822270847764230     
  0.82499999999999996        1.7846712790224046     
  0.82599999999999996        1.7871147209179981     
  0.82699999999999996        1.7895574049371135     
  0.82799999999999996        1.7919993257319220     
  0.82899999999999996        1.7944404777763339     
  0.82999999999999996        1.7968808557225202     
  0.83099999999999996        1.7993204542226522     
  0.83199999999999996        1.8017592679289010     
  0.83299999999999996        1.8041972916716986     
  0.83399999999999996        1.8066345201032163     
  0.83499999999999996        1.8090709480538862     
  0.83599999999999997        1.8115065703541404     
  0.83699999999999997        1.8139413818344110     
  0.83799999999999997        1.8163753775033911     
  0.83899999999999997        1.8188085522806432     
  0.83999999999999997        1.8212409010857300     
  0.84099999999999997        1.8236724189273446     
  0.84199999999999997        1.8261031009924409     
  0.84299999999999997        1.8285329422005816     
  0.84399999999999997        1.8309619378278512     
  0.84499999999999997        1.8333900828829428     
  0.84599999999999997        1.8358173726419409     
  0.84699999999999998        1.8382438023809300     
  0.84799999999999998        1.8406693672868641     
  0.84899999999999998        1.8430940627249583     
  0.84999999999999998        1.8455178839712971     
  0.85099999999999998        1.8479408264802260     
  0.85199999999999998        1.8503628855278293     
  0.85299999999999998        1.8527840567467138     
  0.85399999999999998        1.8552043354129637     
  0.85499999999999998        1.8576237171591856     
  0.85599999999999998        1.8600421974397250     
  0.85699999999999998        1.8624597718871883     
  0.85799999999999998        1.8648764362233123     
  0.85899999999999999        1.8672921859024427     
  0.85999999999999999        1.8697070167354468     
  0.86099999999999999        1.8721209243549310     
  0.86199999999999999        1.8745339045717628     
  0.86299999999999999        1.8769459531076791     
  0.86399999999999999        1.8793570658626777     
  0.86499999999999999        1.8817672385584956     
  0.86599999999999999        1.8841764672733916     
  0.86699999999999999        1.8865847477291027     
  0.86799999999999999        1.8889920759147572     
  0.86899999999999999        1.8913984479086139     
  0.87000000000000000        1.8938038596106708     
  0.87100000000000000        1.8962083070991866     
  0.87200000000000000        1.8986117865415508     
  0.87300000000000000        1.9010142938377612     
  0.87400000000000000        1.9034158253334681     
  0.87500000000000000        1.9058163771960608     
  0.87600000000000000        1.9082159454146677     
  0.87700000000000000        1.9106145265132000     
  0.87800000000000000        1.9130121164807861     
  0.87900000000000000        1.9154087118413372     
  0.88000000000000000        1.9178043088513732     
  0.88100000000000001        1.9201989038565443     
  0.88200000000000001        1.9225924932025009     
  0.88300000000000001        1.9249850734131542     
  0.88400000000000001        1.9273766408341544     
  0.88500000000000001        1.9297671919894128     
  0.88600000000000001        1.9321567234919712     
  0.88700000000000001        1.9345452317766103     
  0.88800000000000001        1.9369327134563719     
  0.88900000000000001        1.9393191651442976     
  0.89000000000000001        1.9417045833642987     
  0.89100000000000001        1.9440889649968085     
  0.89200000000000002        1.9464723065657381     
  0.89300000000000002        1.9488546048623903     
  0.89400000000000002        1.9512358565889372     
  0.89500000000000002        1.9536160586258120     
  0.89600000000000002        1.9559952076751870     
  0.89700000000000002        1.9583733007066257     
  0.89800000000000002        1.9607503344223005     
  0.89900000000000002        1.9631263058809054     
  0.90000000000000002        1.9655012118737432     
  0.90100000000000002        1.9678750494595079     
  0.90200000000000002        1.9702478155186327     
  0.90300000000000002        1.9726195071989423     
  0.90400000000000003        1.9749901214700003     
  0.90500000000000003        1.9773596553905008     
  0.90600000000000003        1.9797281061082685     
  0.90700000000000003        1.9820954705928671     
  0.90800000000000003        1.9844617461703820     
  0.90900000000000003        1.9868269299886379     
  0.91000000000000003        1.9891910191954594     
  0.91100000000000003        1.9915540110278016     
  0.91200000000000003        1.9939159028117501     
  0.91300000000000003        1.9962766916951296     
  0.91400000000000003        1.9986363751822864     
  0.91500000000000004        2.0009949504210454     
  0.91600000000000004        2.0033524149157529     
  0.91700000000000004        2.0057087660816251     
  0.91800000000000004        2.0080640011556170     
  0.91900000000000004        2.0104181177312057     
  0.92000000000000004        2.0127711132236072     
  0.92100000000000004        2.0151229852262986     
  0.92200000000000004        2.0174737311544959     
  0.92300000000000004        2.0198233485125456     
  0.92400000000000004        2.0221718349830553     
  0.92500000000000004        2.0245191881595019     
  0.92600000000000005        2.0268654056353625     
  0.92700000000000005        2.0292104850041142     
  0.92800000000000005        2.0315544239483643     
  0.92900000000000005        2.0338972203289813     
  0.93000000000000005        2.0362388716503119     
  0.93100000000000005        2.0385793757732245     
  0.93200000000000005        2.0409187304694569     
  0.93300000000000005        2.0432569335107473     
  0.93400000000000005        2.0455939827579641     
  0.93500000000000005        2.0479298758937148     
  0.93600000000000005        2.0502646110462592     
  0.93700000000000006        2.0525981858982050     
  0.93799999999999994        2.0549305983995509     
  0.93899999999999995        2.0572618465894266     
  0.93999999999999995        2.0595919283287003     
  0.94099999999999995        2.0619208416565016     
  0.94199999999999995        2.0642485846119598     
  0.94299999999999995        2.0665751550559435     
  0.94399999999999995        2.0689005512058429     
  0.94499999999999995        2.0712247711007876     
  0.94599999999999995        2.0735478128690374     
  0.94699999999999995        2.0758696744605913     
  0.94799999999999995        2.0781903542711007     
  0.94899999999999995        2.0805098503396948     
  0.94999999999999996        2.0828281607946337     
  0.95099999999999996        2.0851452839424383     
  0.95199999999999996        2.0874612179113683     
  0.95299999999999996        2.0897759610970752     
  0.95399999999999996        2.0920895117169493     
  0.95499999999999996        2.0944018679883811     
  0.95599999999999996        2.0967130283070219     
  0.95699999999999996        2.0990229909793925     
  0.95799999999999996        2.1013317544011443     
  0.95899999999999996        2.1036393168787981     
  0.95999999999999996        2.1059456768971359     
  0.96099999999999997        2.1082508328518088     
  0.96199999999999997        2.1105547832275988     
  0.96299999999999997        2.1128575264201572     
  0.96399999999999997        2.1151590608251354     
  0.96499999999999997        2.1174593851947066     
  0.96599999999999997        2.1197584978353916     
  0.96699999999999997        2.1220563973211028     
  0.96799999999999997        2.1243530823148831     
  0.96899999999999997        2.1266485513906446     
  0.96999999999999997        2.1289428030331692     
  0.97099999999999997        2.1312358359946302     
  0.97199999999999998        2.1335276487598094     
  0.97299999999999998        2.1358182401700105     
  0.97399999999999998        2.1381076087991460     
  0.97499999999999998        2.1403957533993889     
  0.97599999999999998        2.1426826726337822     
  0.97699999999999998        2.1449683652544991     
  0.97799999999999998        2.1472528300137128     
  0.97899999999999998        2.1495360657527272     
  0.97999999999999998        2.1518180712237154     
  0.98099999999999998        2.1540988451788508     
  0.98199999999999998        2.1563783864594370     
  0.98299999999999998        2.1586566940850389     
  0.98399999999999999        2.1609337666295687     
  0.98499999999999999        2.1632096032017216     
  0.98599999999999999        2.1654842026428014     
  0.98699999999999999        2.1677575638832423     
  0.98799999999999999        2.1700296858534784     
  0.98899999999999999        2.1723005674839442     
  0.98999999999999999        2.1745702077050737     
  0.99099999999999999        2.1768386056255622     
  0.99199999999999999        2.1791057601758439     
  0.99299999999999999        2.1813716702863530     
  0.99399999999999999        2.1836363352440458     
  0.99500000000000000        2.1858997538902258     
  0.99600000000000000        2.1881619253335884     
  0.99700000000000000        2.1904228487719593     
  0.99800000000000000        2.1926825232249030     
  0.99900000000000000        2.1949409478011148     
   1.0000000000000000        2.1971981216092900     
