   0.0000000000000000        8.0000000000000000     
   1.0000000000000000E-003   7.9976820632576873     
   2.0000000000000000E-003   7.9953532760014010     
   3.0000000000000001E-003   7.9930135886686910     
   4.0000000000000001E-003   7.9906629511626690     
   5.0000000000000001E-003   7.9883013134408198     
   6.0000000000000001E-003   7.9859286253193913     
   7.0000000000000001E-003   7.9835448360774759     
   8.0000000000000002E-003   7.9811498954461788     
   8.9999999999999993E-003   7.9787437524212264     
   1.0000000000000000E-002   7.9763263560548090     
   1.0999999999999999E-002   7.9738976550585035     
   1.2000000000000000E-002   7.9714575984018436     
   1.2999999999999999E-002   7.9690061341141227     
   1.4000000000000000E-002   7.9665432108833869     
   1.4999999999999999E-002   7.9640687766563678     
   1.6000000000000000E-002   7.9615827794393441     
   1.7000000000000001E-002   7.9590851668966538     
   1.7999999999999999E-002   7.9565758869560232     
   1.9000000000000000E-002   7.9540548865969605     
   2.0000000000000000E-002   7.9515221132647698     
   2.1000000000000001E-002   7.9489775142664980     
   2.1999999999999999E-002   7.9464210361600891     
   2.3000000000000000E-002   7.9438526257699511     
   2.4000000000000000E-002   7.9412722295776437     
   2.5000000000000001E-002   7.9386797941302998     
   2.5999999999999999E-002   7.9360752656324687     
   2.7000000000000000E-002   7.9334585901503996     
   2.8000000000000001E-002   7.9308297132004917     
   2.9000000000000001E-002   7.9281885807781807     
   2.9999999999999999E-002   7.9255351383301544     
   3.1000000000000000E-002   7.9228693313726835     
   3.2000000000000001E-002   7.9201911046637914     
   3.3000000000000002E-002   7.9175004036538850     
   3.4000000000000002E-002   7.9147971728271838     
   3.5000000000000003E-002   7.9120813571558326     
   3.5999999999999997E-002   7.9093529008515615     
   3.6999999999999998E-002   7.9066117486176166     
   3.7999999999999999E-002   7.9038578441858736     
   3.9000000000000000E-002   7.9010911317818193     
   4.0000000000000001E-002   7.8983115552883163     
   4.1000000000000002E-002   7.8955190584554193     
   4.2000000000000003E-002   7.8927135844781695     
   4.2999999999999997E-002   7.8898950768407943     
   4.3999999999999997E-002   7.8870634786846221     
   4.4999999999999998E-002   7.8842187332321236     
   4.5999999999999999E-002   7.8813607831505985     
   4.7000000000000000E-002   7.8784895709757894     
   4.8000000000000001E-002   7.8756050395403072     
   4.9000000000000002E-002   7.8727071313357513     
   5.0000000000000003E-002   7.8697957880823921     
   5.0999999999999997E-002   7.8668709520139597     
   5.1999999999999998E-002   7.8639325654536343     
   5.2999999999999999E-002   7.8609805695222734     
   5.3999999999999999E-002   7.8580149062910172     
   5.5000000000000000E-002   7.8550355168430501     
   5.6000000000000001E-002   7.8520423425682528     
   5.7000000000000002E-002   7.8490353249507718     
   5.8000000000000003E-002   7.8460144042654436     
   5.8999999999999997E-002   7.8429795219682985     
   5.9999999999999998E-002   7.8399306185241437     
   6.0999999999999999E-002   7.8368676344941930     
   6.2000000000000000E-002   7.8337905101003900     
   6.3000000000000000E-002   7.8306991858835717     
   6.4000000000000001E-002   7.8275936016078909     
   6.5000000000000002E-002   7.8244736973584343     
   6.6000000000000003E-002   7.8213394131043996     
   6.7000000000000004E-002   7.8181906882575660     
   6.8000000000000005E-002   7.8150274623344789     
   6.9000000000000006E-002   7.8118496751816977     
   7.0000000000000007E-002   7.8086572654232178     
   7.0999999999999994E-002   7.8054501726808416     
   7.1999999999999995E-002   7.8022283355753981     
   7.2999999999999995E-002   7.7989916930622405     
   7.3999999999999996E-002   7.7957401842122858     
   7.4999999999999997E-002   7.7924737468680663     
   7.5999999999999998E-002   7.7891923203340498     
   7.6999999999999999E-002   7.7858958422372373     
   7.8000000000000000E-002   7.7825842512232173     
   7.9000000000000001E-002   7.7792574851583174     
   8.0000000000000002E-002   7.7759154818044864     
   8.1000000000000003E-002   7.7725581795014271     
   8.2000000000000003E-002   7.7691855155825111     
   8.3000000000000004E-002   7.7657974279622959     
   8.4000000000000005E-002   7.7623938537749879     
   8.5000000000000006E-002   7.7589747305125742     
   8.5999999999999993E-002   7.7555399953433204     
   8.6999999999999994E-002   7.7520895855699194     
   8.7999999999999995E-002   7.7486234379435590     
   8.8999999999999996E-002   7.7451414898123172     
   8.9999999999999997E-002   7.7416436777450439     
   9.0999999999999998E-002   7.7381299382198092     
   9.1999999999999998E-002   7.7346002083196517     
   9.2999999999999999E-002   7.7310544241173824     
   9.4000000000000000E-002   7.7274925222946704     
   9.5000000000000001E-002   7.7239144392190804     
   9.6000000000000002E-002   7.7203201107105972     
   9.7000000000000003E-002   7.7167094732064374     
   9.8000000000000004E-002   7.7130824625993970     
   9.9000000000000005E-002   7.7094390149383019     
  0.10000000000000001        7.7057790661969721     
  0.10100000000000001        7.7021025518057105     
  0.10199999999999999        7.6984094075909324     
  0.10299999999999999        7.6946995693091704     
  0.10400000000000000        7.6909729721761009     
  0.10500000000000000        7.6872295520479321     
  0.10600000000000000        7.6834692437692782     
  0.10700000000000000        7.6796919833048136     
  0.10800000000000000        7.6758977053715904     
  0.10900000000000000        7.6720863455761146     
  0.11000000000000000        7.6682578385140214     
  0.11100000000000000        7.6644121196774391     
  0.11200000000000000        7.6605491237877334     
  0.11300000000000000        7.6566687859914841     
  0.11400000000000000        7.6527710411451446     
  0.11500000000000000        7.6488558238150093     
  0.11600000000000001        7.6449230690009431     
  0.11700000000000001        7.6409727114174544     
  0.11799999999999999        7.6370046857357883     
  0.11899999999999999        7.6330189268284698     
  0.12000000000000000        7.6290153688017828     
  0.12100000000000000        7.6249939466950289     
  0.12200000000000000        7.6209545947846458     
  0.12300000000000000        7.6168972478010302     
  0.12400000000000000        7.6128218402010406     
  0.12500000000000000        7.6087283064131777     
  0.12600000000000000        7.6046165808397577     
  0.12700000000000000        7.6004865978592004     
  0.12800000000000000        7.5963382920744849     
  0.12900000000000000        7.5921715978242448     
  0.13000000000000000        7.5879864494300451     
  0.13100000000000001        7.5837827814462146     
  0.13200000000000001        7.5795605281684955     
  0.13300000000000001        7.5753196241309473     
  0.13400000000000001        7.5710600033642512     
  0.13500000000000001        7.5667816008888842     
  0.13600000000000001        7.5624843504797958     
  0.13700000000000001        7.5581681871582767     
  0.13800000000000001        7.5538330449513431     
  0.13900000000000001        7.5494788586415540     
  0.14000000000000001        7.5451055625197272     
  0.14099999999999999        7.5407130911382509     
  0.14199999999999999        7.5363013793157423     
  0.14299999999999999        7.5318703613843940     
  0.14399999999999999        7.5274199721999295     
  0.14499999999999999        7.5229501463885748     
  0.14599999999999999        7.5184608188551048     
  0.14699999999999999        7.5139519240252612     
  0.14799999999999999        7.5094233968624691     
  0.14899999999999999        7.5048751723648826     
  0.14999999999999999        7.5003071855681629     
  0.15100000000000000        7.4957193715482964     
  0.15200000000000000        7.4911116654244250     
  0.15300000000000000        7.4864840021051684     
  0.15400000000000000        7.4818363170604085     
  0.15500000000000000        7.4771685458135151     
  0.15600000000000000        7.4724806234286536     
  0.15700000000000000        7.4677724858008068     
  0.15800000000000000        7.4630440683716852     
  0.15900000000000000        7.4582953069058364     
  0.16000000000000000        7.4535261372362278     
  0.16100000000000000        7.4487364952673500     
  0.16200000000000001        7.4439263172385965     
  0.16300000000000001        7.4390955389472744     
  0.16400000000000001        7.4342440973143900     
  0.16500000000000001        7.4293719283037616     
  0.16600000000000001        7.4244789684886552     
  0.16700000000000001        7.4195651547967207     
  0.16800000000000001        7.4146304237270284     
  0.16900000000000001        7.4096747126650566     
  0.17000000000000001        7.4046979585742303     
  0.17100000000000001        7.3997000987871138     
  0.17199999999999999        7.3946810707463770     
  0.17299999999999999        7.3896408120081372     
  0.17399999999999999        7.3845792605106144     
  0.17499999999999999        7.3794963540482410     
  0.17599999999999999        7.3743920308052004     
  0.17699999999999999        7.3692662290944160     
  0.17799999999999999        7.3641188876279058     
  0.17899999999999999        7.3589499447205569     
  0.17999999999999999        7.3537593398954977     
  0.18099999999999999        7.3485470117513323     
  0.18200000000000000        7.3433128998367971     
  0.18300000000000000        7.3380569438538421     
  0.18400000000000000        7.3327790831227437     
  0.18500000000000000        7.3274792579300225     
  0.18600000000000000        7.3221574087279304     
  0.18700000000000000        7.3168134755972325     
  0.18800000000000000        7.3114473996012403     
  0.18900000000000000        7.3060591214391772     
  0.19000000000000000        7.3006485822609806     
  0.19100000000000000        7.2952157239451214     
  0.19200000000000000        7.2897604877440774     
  0.19300000000000000        7.2842828161922082     
  0.19400000000000001        7.2787826509314719     
  0.19500000000000001        7.2732599351702616     
  0.19600000000000001        7.2677146115048012     
  0.19700000000000001        7.2621466230148579     
  0.19800000000000001        7.2565559132696977     
  0.19900000000000001        7.2509424260587467     
  0.20000000000000001        7.2453061053955485     
  0.20100000000000001        7.2396468955217674     
  0.20200000000000001        7.2339647414640478     
  0.20300000000000001        7.2282595882115119     
  0.20399999999999999        7.2225313809950347     
  0.20499999999999999        7.2167800655689476     
  0.20599999999999999        7.2110055879390567     
  0.20699999999999999        7.2052078949235447     
  0.20799999999999999        7.1993869327670783     
  0.20899999999999999        7.1935426490932883     
  0.20999999999999999        7.1876749912393754     
  0.21099999999999999        7.1817839068162757     
  0.21199999999999999        7.1758693448341617     
  0.21299999999999999        7.1699312531879844     
  0.21400000000000000        7.1639695817441034     
  0.21500000000000000        7.1579842792598010     
  0.21600000000000000        7.1519752961965493     
  0.21700000000000000        7.1459425824759357     
  0.21800000000000000        7.1398860891739462     
  0.21900000000000000        7.1338057673989725     
  0.22000000000000000        7.1277015685776188     
  0.22100000000000000        7.1215734450265389     
  0.22200000000000000        7.1154213491081642     
  0.22300000000000000        7.1092452338022269     
  0.22400000000000000        7.1030450524270732     
  0.22500000000000001        7.0968207592146291     
  0.22600000000000001        7.0905723084616037     
  0.22700000000000001        7.0842996548180261     
  0.22800000000000001        7.0780027538644763     
  0.22900000000000001        7.0716815612599246     
  0.23000000000000001        7.0653360336057212     
  0.23100000000000001        7.0589661278787617     
  0.23200000000000001        7.0525718008601901     
  0.23300000000000001        7.0461530114420619     
  0.23400000000000001        7.0397097171796688     
  0.23499999999999999        7.0332418774635972     
  0.23599999999999999        7.0267494520867562     
  0.23699999999999999        7.0202324006694736     
  0.23799999999999999        7.0136906844006841     
  0.23899999999999999        7.0071242640167881     
  0.23999999999999999        7.0005331015454022     
  0.24099999999999999        6.9939171594418879     
  0.24199999999999999        6.9872764008853521     
  0.24299999999999999        6.9806107889094271     
  0.24399999999999999        6.9739202881564593     
  0.24500000000000000        6.9672048631338228     
  0.24600000000000000        6.9604644793865074     
  0.24700000000000000        6.9536991032119984     
  0.24800000000000000        6.9469087007856958     
  0.24900000000000000        6.9400932399256821     
  0.25000000000000000        6.9332526883384631     
  0.25100000000000000        6.9263870145039759     
  0.25200000000000000        6.9194961879767982     
  0.25300000000000000        6.9125801785082057     
  0.25400000000000000        6.9056389569359427     
  0.25500000000000000        6.8986724946002091     
  0.25600000000000001        6.8916807630517720     
  0.25700000000000001        6.8846637355382869     
  0.25800000000000001        6.8776213852334038     
  0.25900000000000001        6.8705536861299876     
  0.26000000000000001        6.8634606133439915     
  0.26100000000000001        6.8563421422282280     
  0.26200000000000001        6.8491982489718932     
  0.26300000000000001        6.8420289112040606     
  0.26400000000000001        6.8348341059100424     
  0.26500000000000001        6.8276138124226202     
  0.26600000000000001        6.8203680094397088     
  0.26700000000000002        6.8130966774221218     
  0.26800000000000002        6.8057997971029831     
  0.26900000000000002        6.7984773503923686     
  0.27000000000000002        6.7911293191811479     
  0.27100000000000002        6.7837556871497098     
  0.27200000000000002        6.7763564382708381     
  0.27300000000000002        6.7689315574162112     
  0.27400000000000002        6.7614810300601524     
  0.27500000000000002        6.7540048431914030     
  0.27600000000000002        6.7465029835052439     
  0.27700000000000002        6.7389754398280637     
  0.27800000000000002        6.7314222010053193     
  0.27900000000000003        6.7238432568139199     
  0.28000000000000003        6.7162385982719357     
  0.28100000000000003        6.7086082167328653     
  0.28199999999999997        6.7009521048021554     
  0.28299999999999997        6.6932702560393968     
  0.28399999999999997        6.6855626646587067     
  0.28499999999999998        6.6778293258383234     
  0.28599999999999998        6.6700702357261248     
  0.28699999999999998        6.6622853914450992     
  0.28799999999999998        6.6544747907924506     
  0.28899999999999998        6.6466384325501897     
  0.28999999999999998        6.6387763167974727     
  0.29099999999999998        6.6308884443028671     
  0.29199999999999998        6.6229748162207525     
  0.29299999999999998        6.6150354359404240     
  0.29399999999999998        6.6070703066324015     
  0.29499999999999998        6.5990794327897078     
  0.29599999999999999        6.5910628202343471     
  0.29699999999999999        6.5830204755059674     
  0.29799999999999999        6.5749524061746696     
  0.29899999999999999        6.5668586205365260     
  0.29999999999999999        6.5587391282365317     
  0.30099999999999999        6.5505939396548998     
  0.30199999999999999        6.5424230665309562     
  0.30299999999999999        6.5342265213482600     
  0.30399999999999999        6.5260043176487432     
  0.30499999999999999        6.5177564703482895     
  0.30599999999999999        6.5094829944977439     
  0.30700000000000000        6.5011839074638837     
  0.30800000000000000        6.4928592264452423     
  0.30900000000000000        6.4845089706551766     
  0.31000000000000000        6.4761331597689917     
  0.31100000000000000        6.4677318148630336     
  0.31200000000000000        6.4593049577947887     
  0.31300000000000000        6.4508526118316905     
  0.31400000000000000        6.4423748007169159     
  0.31500000000000000        6.4338715502380008     
  0.31600000000000000        6.4253428866662077     
  0.31700000000000000        6.4167888370719943     
  0.31800000000000000        6.4082094305838613     
  0.31900000000000001        6.3996046965098747     
  0.32000000000000001        6.3909746659104565     
  0.32100000000000001        6.3823193703453356     
  0.32200000000000001        6.3736388431346445     
  0.32300000000000001        6.3649331187342328     
  0.32400000000000001        6.3562022317929907     
  0.32500000000000001        6.3474462190463692     
  0.32600000000000001        6.3386651183754301     
  0.32700000000000001        6.3298589684940536     
  0.32800000000000001        6.3210278089509524     
  0.32900000000000001        6.3121716813971345     
  0.33000000000000002        6.3032906273758940     
  0.33100000000000002        6.2943846908557139     
  0.33200000000000002        6.2854539163352348     
  0.33300000000000002        6.2764983491611241     
  0.33400000000000002        6.2675180371163117     
  0.33500000000000002        6.2585130275686742     
  0.33600000000000002        6.2494833700102967     
  0.33700000000000002        6.2404291151089515     
  0.33800000000000002        6.2313503147102773     
  0.33900000000000002        6.2222470215217269     
  0.34000000000000002        6.2131192897504883     
  0.34100000000000003        6.2039671744692013     
  0.34200000000000003        6.1947907325730860     
  0.34300000000000003        6.1855900215078936     
  0.34399999999999997        6.1763651005460583     
  0.34499999999999997        6.1671160298322931     
  0.34599999999999997        6.1578428707036084     
  0.34699999999999998        6.1485456853712108     
  0.34799999999999998        6.1392245385192323     
  0.34899999999999998        6.1298794947505657     
  0.34999999999999998        6.1205106201846755     
  0.35099999999999998        6.1111179830994375     
  0.35199999999999998        6.1017016513724336     
  0.35299999999999998        6.0922616960020761     
  0.35399999999999998        6.0827981875870574     
  0.35499999999999998        6.0733111988884598     
  0.35599999999999998        6.0638008035492250     
  0.35699999999999998        6.0542670767355844     
  0.35799999999999998        6.0447100944959500     
  0.35899999999999999        6.0351299344026597     
  0.35999999999999999        6.0255266755525536     
  0.36099999999999999        6.0159003976035095     
  0.36199999999999999        6.0062511817374098     
  0.36299999999999999        5.9965791106604103     
  0.36399999999999999        5.9868842682813881     
  0.36499999999999999        5.9771667390679033     
  0.36599999999999999        5.9674266099756519     
  0.36699999999999999        5.9576639678741143     
  0.36799999999999999        5.9478789017980160     
  0.36899999999999999        5.9380715019813834     
  0.37000000000000000        5.9282418595341886     
  0.37100000000000000        5.9183900667630382     
  0.37200000000000000        5.9085162178145199     
  0.37300000000000000        5.8986204077072761     
  0.37400000000000000        5.8887027326525168     
  0.37500000000000000        5.8787632897297462     
  0.37600000000000000        5.8688021784979298     
  0.37700000000000000        5.8588194984131228     
  0.37800000000000000        5.8488153510846006     
  0.37900000000000000        5.8387898386594266     
  0.38000000000000000        5.8287430654340850     
  0.38100000000000001        5.8186751359151643     
  0.38200000000000001        5.8085861567540764     
  0.38300000000000001        5.7984762351298880     
  0.38400000000000001        5.7883454800384646     
  0.38500000000000001        5.7781940013206130     
  0.38600000000000001        5.7680219099820205     
  0.38700000000000001        5.7578293185133296     
  0.38800000000000001        5.7476163405638205     
  0.38900000000000001        5.7373830912612904     
  0.39000000000000001        5.7271296862388041     
  0.39100000000000001        5.7168562432473404     
  0.39200000000000002        5.7065628802124388     
  0.39300000000000002        5.6962497174934246     
  0.39400000000000002        5.6859168756162024     
  0.39500000000000002        5.6755644768857971     
  0.39600000000000002        5.6651926444120457     
  0.39700000000000002        5.6548015027519600     
  0.39800000000000002        5.6443911775818725     
  0.39900000000000002        5.6339617960161554     
  0.40000000000000002        5.6235134859557530     
  0.40100000000000002        5.6130463767300087     
  0.40200000000000002        5.6025605984449500     
  0.40300000000000002        5.5920562829482154     
  0.40400000000000003        5.5815335628537150     
  0.40500000000000003        5.5709925721829299     
  0.40600000000000003        5.5604334457127829     
  0.40699999999999997        5.5498563196166009     
  0.40799999999999997        5.5392613317814208     
  0.40899999999999997        5.5286486198628610     
  0.40999999999999998        5.5180183238647720     
  0.41099999999999998        5.5073705841939162     
  0.41199999999999998        5.4967055432692717     
  0.41299999999999998        5.4860233429312188     
  0.41399999999999998        5.4753241283113052     
  0.41499999999999998        5.4646080436266198     
  0.41599999999999998        5.4538752354027453     
  0.41699999999999998        5.4431258508520814     
  0.41799999999999998        5.4323600385125150     
  0.41899999999999998        5.4215779472722003     
  0.41999999999999998        5.4107797279757239     
  0.42099999999999999        5.3999655318034305     
  0.42199999999999999        5.3891355115542394     
  0.42299999999999999        5.3782898203481446     
  0.42399999999999999        5.3674286132304054     
  0.42499999999999999        5.3565520455519078     
  0.42599999999999999        5.3456602739281873     
  0.42699999999999999        5.3347534562310024     
  0.42799999999999999        5.3238317502924017     
  0.42899999999999999        5.3128953164717467     
  0.42999999999999999        5.3019443144287086     
  0.43099999999999999        5.2909789066539297     
  0.43200000000000000        5.2799992546005496     
  0.43300000000000000        5.2690055222128676     
  0.43400000000000000        5.2579978736666328     
  0.43500000000000000        5.2469764743243834     
  0.43600000000000000        5.2359414900840431     
  0.43700000000000000        5.2248930876912096     
  0.43800000000000000        5.2138314356918904     
  0.43900000000000000        5.2027567024981716     
  0.44000000000000000        5.1916690579826348     
  0.44100000000000000        5.1805686728269933     
  0.44200000000000000        5.1694557178723510     
  0.44300000000000000        5.1583303657105377     
  0.44400000000000001        5.1471927890732285     
  0.44500000000000001        5.1360431621020020     
  0.44600000000000001        5.1248816596978575     
  0.44700000000000001        5.1137084568725033     
  0.44800000000000001        5.1025237300162924     
  0.44900000000000001        5.0913276562483727     
  0.45000000000000001        5.0801204130875117     
  0.45100000000000001        5.0689021790796929     
  0.45200000000000001        5.0576731337866931     
  0.45300000000000001        5.0464334568197895     
  0.45400000000000001        5.0351833291030887     
  0.45500000000000002        5.0239229319072125     
  0.45600000000000002        5.0126524471570750     
  0.45700000000000002        5.0013720580557708     
  0.45800000000000002        4.9900819474852609     
  0.45900000000000002        4.9787822995835018     
  0.46000000000000002        4.9674732990975166     
  0.46100000000000002        4.9561551316887282     
  0.46200000000000002        4.9448279826547994     
  0.46300000000000002        4.9334920388186703     
  0.46400000000000002        4.9221474872498598     
  0.46500000000000002        4.9107945155697168     
  0.46600000000000003        4.8994333119397622     
  0.46700000000000003        4.8880640653653042     
  0.46800000000000003        4.8766869647372424     
  0.46899999999999997        4.8653022003967754     
  0.46999999999999997        4.8539099619177213     
  0.47099999999999997        4.8425104406142268     
  0.47199999999999998        4.8311038276391969     
  0.47299999999999998        4.8196903149162544     
  0.47399999999999998        4.8082700941855165     
  0.47499999999999998        4.7968433582473526     
  0.47599999999999998        4.7854103003214012     
  0.47699999999999998        4.7739711134085736     
  0.47799999999999998        4.7625259915316462     
  0.47899999999999998        4.7510751290956064     
  0.47999999999999998        4.7396187205631621     
  0.48099999999999998        4.7281569607553857     
  0.48199999999999998        4.7166900448391873     
  0.48299999999999998        4.7052181683147829     
  0.48399999999999999        4.6937415273139864     
  0.48499999999999999        4.6822603176543023     
  0.48599999999999999        4.6707747357601157     
  0.48699999999999999        4.6592849789586079     
  0.48799999999999999        4.6477912432958357     
  0.48899999999999999        4.6362937263164241     
  0.48999999999999999        4.6247926254990857     
  0.49099999999999999        4.6132881382453084     
  0.49199999999999999        4.6017804621765777     
  0.49299999999999999        4.5902697954297462     
  0.49399999999999999        4.5787563363347115     
  0.49500000000000000        4.5672402824787621     
  0.49600000000000000        4.5557218325419946     
  0.49700000000000000        4.5442011850518682     
  0.49800000000000000        4.5326785386784891     
  0.49900000000000000        4.5211540916090991     
  0.50000000000000000        4.5096280429151747     
  0.50100000000000000        4.4981005911641967     
  0.50200000000000000        4.4865719351118978     
  0.50300000000000000        4.4750422738600255     
  0.50400000000000000        4.4635118060375811     
  0.50500000000000000        4.4519807304903782     
  0.50600000000000001        4.4404492458013962     
  0.50700000000000001        4.4289175507448038     
  0.50800000000000001        4.4173858442720810     
  0.50900000000000001        4.4058543250339799     
  0.51000000000000001        4.3943231909058120     
  0.51100000000000001        4.3827926412942206     
  0.51200000000000001        4.3712628738777353     
  0.51300000000000001        4.3597340869135861     
  0.51400000000000001        4.3482064787597094     
  0.51500000000000001        4.3366802469394505     
  0.51600000000000001        4.3251555895139111     
  0.51700000000000002        4.3136327036865785     
  0.51800000000000002        4.3021117871722669     
  0.51900000000000002        4.2905930368052765     
  0.52000000000000002        4.2790766494471058     
  0.52100000000000002        4.2675628219727519     
  0.52200000000000002        4.2560517508003901     
  0.52300000000000002        4.2445436318807364     
  0.52400000000000002        4.2330386606864367     
  0.52500000000000002        4.2215370331109687     
  0.52600000000000002        4.2100389445437640     
  0.52700000000000002        4.1985445894062545     
  0.52800000000000002        4.1870541625031477     
  0.52900000000000003        4.1755678581013660     
  0.53000000000000003        4.1640858699197603     
  0.53100000000000003        4.1526083906679734     
  0.53200000000000003        4.1411356142908655     
  0.53300000000000003        4.1296677327981399     
  0.53400000000000003        4.1182049385088852     
  0.53500000000000003        4.1067474231384571     
  0.53600000000000003        4.0952953777885703     
  0.53700000000000003        4.0838489933844464     
  0.53800000000000003        4.0724084602154376     
  0.53900000000000003        4.0609739679252925     
  0.54000000000000004        4.0495457059475299     
  0.54100000000000004        4.0381238626039453     
  0.54200000000000004        4.0267086268729164     
  0.54300000000000004        4.0153001857123396     
  0.54400000000000004        4.0038987267138539     
  0.54500000000000004        3.9925044363172235     
  0.54600000000000004        3.9811174998046317     
  0.54700000000000004        3.9697381034956707     
  0.54800000000000004        3.9583664312090758     
  0.54900000000000004        3.9470026677774790     
  0.55000000000000004        3.9356469959585469     
  0.55100000000000005        3.9242995990605154     
  0.55200000000000005        3.9129606587400909     
  0.55300000000000005        3.9016303571801894     
  0.55400000000000005        3.8903088744600529     
  0.55500000000000005        3.8789963907295868     
  0.55600000000000005        3.8676930853265357     
  0.55700000000000005        3.8563991372011865     
  0.55800000000000005        3.8451147240402670     
  0.55900000000000005        3.8338400231254579     
  0.56000000000000005        3.8225752104604518     
  0.56100000000000005        3.8113204620566199     
  0.56200000000000006        3.8000759526303258     
  0.56299999999999994        3.7888418560274628     
  0.56399999999999995        3.7776183456436003     
  0.56499999999999995        3.7664055939858994     
  0.56599999999999995        3.7552037722396610     
  0.56699999999999995        3.7440130519663692     
  0.56799999999999995        3.7328336025375579     
  0.56899999999999995        3.7216655928345701     
  0.56999999999999995        3.7105091912378558     
  0.57099999999999995        3.6993645656162610     
  0.57199999999999995        3.6882318816305273     
  0.57299999999999995        3.6771113056832769     
  0.57399999999999995        3.6660030015375979     
  0.57499999999999996        3.6549071332602296     
  0.57599999999999996        3.6438238639484930     
  0.57699999999999996        3.6327533553065825     
  0.57799999999999996        3.6216957684769473     
  0.57899999999999996        3.6106512627825684     
  0.57999999999999996        3.5996199982199268     
  0.58099999999999996        3.5886021321226051     
  0.58199999999999996        3.5775978220664064     
  0.58299999999999996        3.5666072237881998     
  0.58399999999999996        3.5556304928362095     
  0.58499999999999996        3.5446677829122892     
  0.58599999999999997        3.5337192475159442     
  0.58699999999999997        3.5227850387027861     
  0.58799999999999997        3.5118653074922856     
  0.58899999999999997        3.5009602038629435     
  0.58999999999999997        3.4900698771545522     
  0.59099999999999997        3.4791944752471466     
  0.59199999999999997        3.4683341449659748     
  0.59299999999999997        3.4574890320770981     
  0.59399999999999997        3.4466592816867898     
  0.59499999999999997        3.4358450374275580     
  0.59599999999999997        3.4250464418602760     
  0.59699999999999998        3.4142636372724731     
  0.59799999999999998        3.4034967632644189     
  0.59899999999999998        3.3927459595583263     
  0.59999999999999998        3.3820113647863246     
  0.60099999999999998        3.3712931160892308     
  0.60199999999999998        3.3605913491173980     
  0.60299999999999998        3.3499061992198453     
  0.60399999999999998        3.3392378006422123     
  0.60499999999999998        3.3285862853407422     
  0.60599999999999998        3.3179517857464638     
  0.60699999999999998        3.3073344316043749     
  0.60799999999999998        3.2967343527301414     
  0.60899999999999999        3.2861516774310631     
  0.60999999999999999        3.2755865325078988     
  0.61099999999999999        3.2650390436459764     
  0.61199999999999999        3.2545093361894950     
  0.61299999999999999        3.2439975331936322     
  0.61399999999999999        3.2335037573682484     
  0.61499999999999999        3.2230281299102459     
  0.61599999999999999        3.2125707708908777     
  0.61699999999999999        3.2021317992540648     
  0.61799999999999999        3.1917113324317148     
  0.61899999999999999        3.1813094878752652     
  0.62000000000000000        3.1709263799908651     
  0.62100000000000000        3.1605621235836483     
  0.62200000000000000        3.1502168315618602     
  0.62300000000000000        3.1398906157018383     
  0.62400000000000000        3.1295835862693080     
  0.62500000000000000        3.1192958535303617     
  0.62600000000000000        3.1090275251056005     
  0.62700000000000000        3.0987787078626257     
  0.62800000000000000        3.0885495082852268     
  0.62900000000000000        3.0783400305975053     
  0.63000000000000000        3.0681503786389346     
  0.63100000000000001        3.0579806543690844     
  0.63200000000000001        3.0478309586176535     
  0.63300000000000001        3.0377013918238487     
  0.63400000000000001        3.0275920521833126     
  0.63500000000000001        3.0175030371334230     
  0.63600000000000001        3.0074344429819928     
  0.63700000000000001        2.9973863649076034     
  0.63800000000000001        2.9873588965947704     
  0.63900000000000001        2.9773521306032746     
  0.64000000000000001        2.9673661587322231     
  0.64100000000000001        2.9574010705660680     
  0.64200000000000002        2.9474569552970991     
  0.64300000000000002        2.9375339009958314     
  0.64400000000000002        2.9276319942521427     
  0.64500000000000002        2.9177513198219009     
  0.64600000000000002        2.9078919624272657     
  0.64700000000000002        2.8980540049587655     
  0.64800000000000002        2.8882375291980753     
  0.64900000000000002        2.8784426158194205     
  0.65000000000000002        2.8686693436822543     
  0.65100000000000002        2.8589177916093593     
  0.65200000000000002        2.8491880359067889     
  0.65300000000000002        2.8394801531971607     
  0.65400000000000003        2.8297942172464055     
  0.65500000000000003        2.8201303017872177     
  0.65600000000000003        2.8104884791116103     
  0.65700000000000003        2.8008688204255341     
  0.65800000000000003        2.7912713951567398     
  0.65900000000000003        2.7816962720047393     
  0.66000000000000003        2.7721435185931993     
  0.66100000000000003        2.7626132011279090     
  0.66200000000000003        2.7531053850907079     
  0.66300000000000003        2.7436201338671209     
  0.66400000000000003        2.7341575104709026     
  0.66500000000000004        2.7247175765152956     
  0.66600000000000004        2.7153003925601218     
  0.66700000000000004        2.7059060177756153     
  0.66800000000000004        2.6965345106258525     
  0.66900000000000004        2.6871859275186432     
  0.67000000000000004        2.6778603245031585     
  0.67100000000000004        2.6685577565932630     
  0.67200000000000004        2.6592782767674659     
  0.67300000000000004        2.6500219379865357     
  0.67400000000000004        2.6407887911876951     
  0.67500000000000004        2.6315788862964995     
  0.67600000000000005        2.6223922728916125     
  0.67700000000000005        2.6132289985499639     
  0.67800000000000005        2.6040891098505869     
  0.67900000000000005        2.5949726527060997     
  0.68000000000000005        2.5858796713804257     
  0.68100000000000005        2.5768102098062227     
  0.68200000000000005        2.5677643099530520     
  0.68300000000000005        2.5587420128178189     
  0.68400000000000005        2.5497433590754324     
  0.68500000000000005        2.5407683874607674     
  0.68600000000000005        2.5318171357510484     
  0.68700000000000006        2.5228896410904884     
  0.68799999999999994        2.5139859393500137     
  0.68899999999999995        2.5051060654547084     
  0.68999999999999995        2.4962500524337754     
  0.69099999999999995        2.4874179333408706     
  0.69199999999999995        2.4786097396635816     
  0.69299999999999995        2.4698255019672324     
  0.69399999999999995        2.4610652495846601     
  0.69499999999999995        2.4523290112519560     
  0.69599999999999995        2.4436168138578220     
  0.69699999999999995        2.4349286843315769     
  0.69799999999999995        2.4262646477691820     
  0.69899999999999995        2.4176247283808170     
  0.69999999999999996        2.4090089494952629     
  0.70099999999999996        2.4004173338724395     
  0.70199999999999996        2.3918499021673649     
  0.70299999999999996        2.3833066754030368     
  0.70399999999999996        2.3747876725137420     
  0.70499999999999996        2.3662929118901035     
  0.70599999999999996        2.3578224107719281     
  0.70699999999999996        2.3493761861654527     
  0.70799999999999996        2.3409542527262293     
  0.70899999999999996        2.3325566254945316     
  0.70999999999999996        2.3241833177818587     
  0.71099999999999997        2.3158343423856267     
  0.71199999999999997        2.3075097109928984     
  0.71299999999999997        2.2992094338922002     
  0.71399999999999997        2.2909335214695949     
  0.71499999999999997        2.2826819821309319     
  0.71599999999999997        2.2744548240926754     
  0.71699999999999997        2.2662520542025217     
  0.71799999999999997        2.2580736788319120     
  0.71899999999999997        2.2499197032923339     
  0.71999999999999997        2.2417901318445841     
  0.72099999999999997        2.2336849677080441     
  0.72199999999999998        2.2256042139382242     
  0.72299999999999998        2.2175478722686814     
  0.72399999999999998        2.2095159434123861     
  0.72499999999999998        2.2015084273578034     
  0.72599999999999998        2.1935253230878891     
  0.72699999999999998        2.1855666297295566     
  0.72799999999999998        2.1776323439880017     
  0.72899999999999998        2.1697224627274925     
  0.72999999999999998        2.1618369818335297     
  0.73099999999999998        2.1539758965037072     
  0.73199999999999998        2.1461392009719895     
  0.73299999999999998        2.1383268885180149     
  0.73399999999999999        2.1305389517553364     
  0.73499999999999999        2.1227753826363931     
  0.73599999999999999        2.1150361719030109     
  0.73699999999999999        2.1073213104818405     
  0.73799999999999999        2.0996307872723348     
  0.73899999999999999        2.0919645910957718     
  0.73999999999999999        2.0843227104178181     
  0.74099999999999999        2.0767051319845402     
  0.74199999999999999        2.0691118424769708     
  0.74299999999999999        2.0615428276938190     
  0.74399999999999999        2.0539980728310692     
  0.74500000000000000        2.0464775619478841     
  0.74600000000000000        2.0389812787860677     
  0.74700000000000000        2.0315092059672679     
  0.74800000000000000        2.0240613263412763     
  0.74900000000000000        2.0166376205830430     
  0.75000000000000000        2.0092380704064312     
  0.75100000000000000        2.0018626551059602     
  0.75200000000000000        1.9945113547544910     
  0.75300000000000000        1.9871841478221435     
  0.75400000000000000        1.9798810125076192     
  0.75500000000000000        1.9726019264777825     
  0.75600000000000001        1.9653468663519640     
  0.75700000000000001        1.9581158084934525     
  0.75800000000000001        1.9509087282343334     
  0.75900000000000001        1.9437256009197086     
  0.76000000000000001        1.9365664003625200     
  0.76100000000000001        1.9294311006577292     
  0.76200000000000001        1.9223196748982054     
  0.76300000000000001        1.9152320951877344     
  0.76400000000000001        1.9081683339222291     
  0.76500000000000001        1.9011283622651389     
  0.76600000000000001        1.8941121509205012     
  0.76700000000000002        1.8871196698864194     
  0.76800000000000002        1.8801508892149503     
  0.76900000000000002        1.8732057775112094     
  0.77000000000000002        1.8662843034467949     
  0.77100000000000002        1.8593864350124469     
  0.77200000000000002        1.8525121395266844     
  0.77300000000000002        1.8456613838907585     
  0.77400000000000002        1.8388341345931922     
  0.77500000000000002        1.8320303572248824     
  0.77600000000000002        1.8252500172233919     
  0.77700000000000002        1.8184930796303140     
  0.77800000000000002        1.8117595083687765     
  0.77900000000000003        1.8050492672259644     
  0.78000000000000003        1.7983623198535452     
  0.78100000000000003        1.7916986290482908     
  0.78200000000000003        1.7850581567643855     
  0.78300000000000003        1.7784408653174837     
  0.78400000000000003        1.7718467161893328     
  0.78500000000000003        1.7652756700399697     
  0.78600000000000003        1.7587276876638704     
  0.78700000000000003        1.7522027290454767     
  0.78800000000000003        1.7457007536056999     
  0.78900000000000003        1.7392217209110081     
  0.79000000000000004        1.7327655895053951     
  0.79100000000000004        1.7263323180867580     
  0.79200000000000004        1.7199218641152365     
  0.79300000000000004        1.7135341854467625     
  0.79400000000000004        1.7071692394063704     
  0.79500000000000004        1.7008269823380373     
  0.79600000000000004        1.6945073707615625     
  0.79700000000000004        1.6882103606863841     
  0.79800000000000004        1.6819359078461253     
  0.79900000000000004        1.6756839670245909     
  0.80000000000000004        1.6694544936476630     
  0.80100000000000005        1.6632474417517937     
  0.80200000000000005        1.6570627657965200     
  0.80300000000000005        1.6509004195421495     
  0.80400000000000005        1.6447603562833200     
  0.80500000000000005        1.6386425290779942     
  0.80600000000000005        1.6325468909719105     
  0.80700000000000005        1.6264733941186948     
  0.80800000000000005        1.6204219911101061     
  0.80900000000000005        1.6143926332206526     
  0.81000000000000005        1.6083852723894951     
  0.81100000000000005        1.6023998594731756     
  0.81200000000000006        1.5964363457778743     
  0.81299999999999994        1.5904946815431331     
  0.81399999999999995        1.5845748172489158     
  0.81499999999999995        1.5786767029695303     
  0.81599999999999995        1.5728002885940990     
  0.81699999999999995        1.5669455231921070     
  0.81799999999999995        1.5611123565110292     
  0.81899999999999995        1.5553007370645597     
  0.81999999999999995        1.5495106138377392     
  0.82099999999999995        1.5437419352307158     
  0.82199999999999995        1.5379946494872871     
  0.82299999999999995        1.5322687042815182     
  0.82399999999999995        1.5265640477661278     
  0.82499999999999996        1.5208806271167321     
  0.82599999999999996        1.5152183897863523     
  0.82699999999999996        1.5095772828850125     
  0.82799999999999996        1.5039572529816077     
  0.82899999999999996        1.4983582469303283     
  0.82999999999999996        1.4927802110531672     
  0.83099999999999996        1.4872230915553097     
  0.83199999999999996        1.4816868345281129     
  0.83299999999999996        1.4761713855494940     
  0.83399999999999996        1.4706766904961759     
  0.83499999999999996        1.4652026947400394     
  0.83599999999999997        1.4597493435563400     
  0.83699999999999997        1.4543165821265420     
  0.83799999999999997        1.4489043551454419     
  0.83899999999999997        1.4435126074222773     
  0.83999999999999997        1.4381412836835710     
  0.84099999999999997        1.4327903283800620     
  0.84199999999999997        1.4274596854976596     
  0.84299999999999997        1.4221492995391345     
  0.84399999999999997        1.4168591141601596     
  0.84499999999999997        1.4115890735371552     
  0.84599999999999997        1.4063391212051337     
  0.84699999999999998        1.4011092006456183     
  0.84799999999999998        1.3958992554802589     
  0.84899999999999998        1.3907092288986460     
  0.84999999999999998        1.3855390642367675     
  0.85099999999999998        1.3803887044087386     
  0.85199999999999998        1.3752580926696896     
  0.85299999999999998        1.3701471714846507     
  0.85399999999999998        1.3650558840413254     
  0.85499999999999998        1.3599841727472168     
  0.85599999999999998        1.3549319803601436     
  0.85699999999999998        1.3498992492431259     
  0.85799999999999998        1.3448859215576585     
  0.85899999999999999        1.3398919400048590     
  0.85999999999999999        1.3349172465349550     
  0.86099999999999999        1.3299617834581781     
  0.86199999999999999        1.3250254927124216     
  0.86299999999999999        1.3201083164158480     
  0.86399999999999999        1.3152101963235274     
  0.86499999999999999        1.3103310745562804     
  0.86599999999999999        1.3054708925194338     
  0.86699999999999999        1.3006295923482842     
  0.86799999999999999        1.2958071156498467     
  0.86899999999999999        1.2910034038693972     
  0.87000000000000000        1.2862183988264626     
  0.87100000000000000        1.2814520420049835     
  0.87200000000000000        1.2767042747371193     
  0.87300000000000000        1.2719750389087121     
  0.87400000000000000        1.2672642755556336     
  0.87500000000000000        1.2625719260983110     
  0.87600000000000000        1.2578979323373369     
  0.87700000000000000        1.2532422350675076     
  0.87800000000000000        1.2486047761628742     
  0.87900000000000000        1.2439854965023458     
  0.88000000000000000        1.2393843375274520     
  0.88100000000000001        1.2348012405537530     
  0.88200000000000001        1.2302361469451393     
  0.88300000000000001        1.2256889977772019     
  0.88400000000000001        1.2211597345187446     
  0.88500000000000001        1.2166482983557152     
  0.88600000000000001        1.2121546303659458     
  0.88700000000000001        1.2076786720237560     
  0.88800000000000001        1.2032203645309285     
  0.88900000000000001        1.1987796491551250     
  0.89000000000000001        1.1943564673962588     
  0.89100000000000001        1.1899507601629644     
  0.89200000000000002        1.1855624690961166     
  0.89300000000000002        1.1811915354158689     
  0.89400000000000002        1.1768379005822933     
  0.89500000000000002        1.1725015058074970     
  0.89600000000000002        1.1681822927087044     
  0.89700000000000002        1.1638802024989985     
  0.89800000000000002        1.1595951769594051     
  0.89900000000000002        1.1553271573128077     
  0.90000000000000002        1.1510760853512507     
  0.90100000000000002        1.1468419024764258     
  0.90200000000000002        1.1426245504999315     
  0.90300000000000002        1.1384239708508588     
  0.90400000000000003        1.1342401053703723     
  0.90500000000000003        1.1300728958377801     
  0.90600000000000003        1.1259222839743548     
  0.90700000000000003        1.1217882119132174     
  0.90800000000000003        1.1176706212659033     
  0.90900000000000003        1.1135694540599621     
  0.91000000000000003        1.1094846524269690     
  0.91100000000000003        1.1054161584502789     
  0.91200000000000003        1.1013639141686606     
  0.91300000000000003        1.0973278620362179     
  0.91400000000000003        1.0933079440084419     
  0.91500000000000004        1.0893041027621095     
  0.91600000000000004        1.0853162804813770     
  0.91700000000000004        1.0813444196191344     
  0.91800000000000004        1.0773884630445703     
  0.91900000000000004        1.0734483531451817     
  0.92000000000000004        1.0695240327284261     
  0.92100000000000004        1.0656154444257360     
  0.92200000000000004        1.0617225312878480     
  0.92300000000000004        1.0578452363398185     
  0.92400000000000004        1.0539835024380286     
  0.92500000000000004        1.0501372727133864     
  0.92600000000000005        1.0463064904241164     
  0.92700000000000005        1.0424910989563934     
  0.92800000000000005        1.0386910416807211     
  0.92900000000000005        1.0349062618113622     
  0.93000000000000005        1.0311367032713588     
  0.93100000000000005        1.0273823095411776     
  0.93200000000000005        1.0236430243804759     
  0.93300000000000005        1.0199187916843826     
  0.93400000000000005        1.0162095553428068     
  0.93500000000000005        1.0125152596655733     
  0.93600000000000005        1.0088358483964202     
  0.93700000000000006        1.0051712661230909     
  0.93799999999999994        1.0015214571515769     
  0.93899999999999995       0.99788636579144974     
  0.93999999999999995       0.99426593677345465     
  0.94099999999999995       0.99066011469399617     
  0.94199999999999995       0.98706884429495123     
  0.94299999999999995       0.98349207073760503     
  0.94399999999999995       0.97992973878036915     
  0.94499999999999995       0.97638179360371213     
  0.94599999999999995       0.97284818039963694     
  0.94699999999999995       0.96932884477898662     
  0.94799999999999995       0.96582373182628867     
  0.94899999999999995       0.96233278731712779     
  0.94999999999999996       0.95885595704173332     
  0.95099999999999996       0.95539318667466311     
  0.95199999999999996       0.95194442230973331     
  0.95299999999999996       0.94850960979542875     
  0.95399999999999996       0.94508869539993934     
  0.95499999999999996       0.94168162554449986     
  0.95599999999999996       0.93828834654234428     
  0.95699999999999996       0.93490880499401985     
  0.95799999999999996       0.93154294752582778     
  0.95899999999999996       0.92819072105078526     
  0.95999999999999996       0.92485207238009060     
  0.96099999999999997       0.92152694861284656     
  0.96199999999999997       0.91821529687812309     
  0.96299999999999997       0.91491706459220368     
  0.96399999999999997       0.91163219932943962     
  0.96499999999999997       0.90836064831619712     
  0.96599999999999997       0.90510235957470675     
  0.96699999999999997       0.90185728090678130     
  0.96799999999999997       0.89862536015096872     
  0.96899999999999997       0.89540654543431786     
  0.96999999999999997       0.89220078517019386     
  0.97099999999999997       0.88900802756057029     
  0.97199999999999998       0.88582822134329808     
  0.97299999999999998       0.88266131492447009     
  0.97399999999999998       0.87950725724515388     
  0.97499999999999998       0.87636599716413310     
  0.97599999999999998       0.87323748382733979     
  0.97699999999999998       0.87012166642309463     
  0.97799999999999998       0.86701849430505196     
  0.97899999999999998       0.86392791687171167     
  0.97999999999999998       0.86084988380848249     
  0.98099999999999998       0.85778434496589451     
  0.98199999999999998       0.85473125024035068     
  0.98299999999999998       0.85169054945738865     
  0.98399999999999999       0.84866219320405356     
  0.98499999999999999       0.84564613152130530     
  0.98599999999999999       0.84264231497386699     
  0.98699999999999999       0.83965069417551719     
  0.98799999999999999       0.83667121990769133     
  0.98899999999999999       0.83370384311932466     
  0.98999999999999999       0.83074851492669854     
  0.99099999999999999       0.82780518638238321     
  0.99199999999999999       0.82487380893929030     
  0.99299999999999999       0.82195433421715491     
  0.99399999999999999       0.81904671354542191     
  0.99500000000000000       0.81615089899557924     
  0.99600000000000000       0.81326684246345893     
  0.99700000000000000       0.81039449590109813     
  0.99800000000000000       0.80753381165641092     
  0.99900000000000000       0.80468474213226404     
   1.0000000000000000       0.80184723990007156     
