   0.0000000000000000        1.0000000000000000     
   1.0000000000000000E-003  0.99979303279485399     
   2.0000000000000000E-003  0.99958507949403352     
   3.0000000000000001E-003  0.99937613542287318     
   4.0000000000000001E-003  0.99916619585617306     
   5.0000000000000001E-003  0.99895525607075131     
   6.0000000000000001E-003  0.99874331132795036     
   7.0000000000000001E-003  0.99853035683824121     
   8.0000000000000002E-003  0.99831638784955712     
   8.9999999999999993E-003  0.99810139954119248     
   1.0000000000000000E-002  0.99788538709451247     
   1.0999999999999999E-002  0.99766834565744622     
   1.2000000000000000E-002  0.99745027039794898     
   1.2999999999999999E-002  0.99723115639688931     
   1.4000000000000000E-002  0.99701099879092725     
   1.4999999999999999E-002  0.99678979264734990     
   1.6000000000000000E-002  0.99656753303562318     
   1.7000000000000001E-002  0.99634421499146975     
   1.7999999999999999E-002  0.99611983357096379     
   1.9000000000000000E-002  0.99589438374215966     
   2.0000000000000000E-002  0.99566786051149991     
   2.1000000000000001E-002  0.99544025886977716     
   2.1999999999999999E-002  0.99521157373745983     
   2.3000000000000000E-002  0.99498180005549453     
   2.4000000000000000E-002  0.99475093273077297     
   2.5000000000000001E-002  0.99451896667264017     
   2.5999999999999999E-002  0.99428589675634449     
   2.7000000000000000E-002  0.99405171784128032     
   2.8000000000000001E-002  0.99381642473411980     
   2.9000000000000001E-002  0.99358001228086390     
   2.9999999999999999E-002  0.99334247527482478     
   3.1000000000000000E-002  0.99310380851193625     
   3.2000000000000001E-002  0.99286400671660435     
   3.3000000000000002E-002  0.99262306467155093     
   3.4000000000000002E-002  0.99238097706927642     
   3.5000000000000003E-002  0.99213773864223154     
   3.5999999999999997E-002  0.99189334405098784     
   3.6999999999999998E-002  0.99164778799633024     
   3.7999999999999999E-002  0.99140106508818437     
   3.9000000000000000E-002  0.99115316997681091     
   4.0000000000000001E-002  0.99090409727786166     
   4.1000000000000002E-002  0.99065384159113801     
   4.2000000000000003E-002  0.99040239746271297     
   4.2999999999999997E-002  0.99014975946054928     
   4.3999999999999997E-002  0.98989592211781730     
   4.4999999999999998E-002  0.98964087997086581     
   4.5999999999999999E-002  0.98938462750213918     
   4.7000000000000000E-002  0.98912715917810889     
   4.8000000000000001E-002  0.98886846948765883     
   4.9000000000000002E-002  0.98860855288485294     
   5.0000000000000003E-002  0.98834740375028485     
   5.0999999999999997E-002  0.98808501650627423     
   5.1999999999999998E-002  0.98782138557881327     
   5.2999999999999999E-002  0.98755650528162320     
   5.3999999999999999E-002  0.98729037000924524     
   5.5000000000000000E-002  0.98702297406308981     
   5.6000000000000001E-002  0.98675431176756601     
   5.7000000000000002E-002  0.98648437745099249     
   5.8000000000000003E-002  0.98621316532852887     
   5.8999999999999997E-002  0.98594066971673111     
   5.9999999999999998E-002  0.98566688483848508     
   6.0999999999999999E-002  0.98539180492060652     
   6.2000000000000000E-002  0.98511542415467468     
   6.3000000000000000E-002  0.98483773675610475     
   6.4000000000000001E-002  0.98455873686569773     
   6.5000000000000002E-002  0.98427841864818821     
   6.6000000000000003E-002  0.98399677625296944     
   6.7000000000000004E-002  0.98371380377436846     
   6.8000000000000005E-002  0.98342949531109913     
   6.9000000000000006E-002  0.98314384498647855     
   7.0000000000000007E-002  0.98285684680882057     
   7.0999999999999994E-002  0.98256849487098008     
   7.1999999999999995E-002  0.98227878317062245     
   7.2999999999999995E-002  0.98198770573024319     
   7.3999999999999996E-002  0.98169525657744994     
   7.4999999999999997E-002  0.98140142962402943     
   7.5999999999999998E-002  0.98110621890788752     
   7.6999999999999999E-002  0.98080961831060354     
   7.8000000000000000E-002  0.98051162179991802     
   7.9000000000000001E-002  0.98021222326793855     
   8.0000000000000002E-002  0.97991141659180125     
   8.1000000000000003E-002  0.97960919569503380     
   8.2000000000000003E-002  0.97930555440491907     
   8.3000000000000004E-002  0.97900048659534822     
   8.4000000000000005E-002  0.97869398606419211     
   8.5000000000000006E-002  0.97838604663572515     
   8.5999999999999993E-002  0.97807666209921007     
   8.6999999999999994E-002  0.97776582625011277     
   8.7999999999999995E-002  0.97745353282825853     
   8.8999999999999996E-002  0.97713977562124443     
   8.9999999999999997E-002  0.97682454834040255     
   9.0999999999999998E-002  0.97650784468276430     
   9.1999999999999998E-002  0.97618965839373206     
   9.2999999999999999E-002  0.97586998312143747     
   9.4000000000000000E-002  0.97554881256263515     
   9.5000000000000001E-002  0.97522614037945277     
   9.6000000000000002E-002  0.97490196017826536     
   9.7000000000000003E-002  0.97457626561469313     
   9.8000000000000004E-002  0.97424905028878228     
   9.9000000000000005E-002  0.97392030780812811     
  0.10000000000000001       0.97359003176698600     
  0.10100000000000001       0.97325821570392812     
  0.10199999999999999       0.97292485318658339     
  0.10299999999999999       0.97258993776953828     
  0.10400000000000000       0.97225346295175508     
  0.10500000000000000       0.97191542228317640     
  0.10600000000000000       0.97157580921549169     
  0.10700000000000000       0.97123461729458227     
  0.10800000000000000       0.97089183994662631     
  0.10900000000000000       0.97054747067107394     
  0.11000000000000000       0.97020150286891105     
  0.11100000000000000       0.96985393001494125     
  0.11200000000000000       0.96950474550706978     
  0.11300000000000000       0.96915394277433109     
  0.11400000000000000       0.96880151521217572     
  0.11500000000000000       0.96844745618239303     
  0.11600000000000001       0.96809175907849965     
  0.11700000000000001       0.96773441726067277     
  0.11799999999999999       0.96737542407757959     
  0.11899999999999999       0.96701477288844639     
  0.12000000000000000       0.96665245697544855     
  0.12100000000000000       0.96628846969741555     
  0.12200000000000000       0.96592280433630351     
  0.12300000000000000       0.96555545420726352     
  0.12400000000000000       0.96518641259273052     
  0.12500000000000000       0.96481567276455238     
  0.12600000000000000       0.96444322798412407     
  0.12700000000000000       0.96406907150253240     
  0.12800000000000000       0.96369319658300800     
  0.12900000000000000       0.96331559645656950     
  0.13000000000000000       0.96293626434435686     
  0.13100000000000001       0.96255519348021867     
  0.13200000000000001       0.96217237706611125     
  0.13300000000000001       0.96178780831708255     
  0.13400000000000001       0.96140148039394957     
  0.13500000000000001       0.96101338653865565     
  0.13600000000000001       0.96062351987146233     
  0.13700000000000001       0.96023187361692164     
  0.13800000000000001       0.95983844090054082     
  0.13900000000000001       0.95944321490748463     
  0.14000000000000001       0.95904618876932279     
  0.14099999999999999       0.95864735563233106     
  0.14199999999999999       0.95824670865786743     
  0.14299999999999999       0.95784424095395515     
  0.14399999999999999       0.95743994566693402     
  0.14499999999999999       0.95703381591300596     
  0.14599999999999999       0.95662584482432111     
  0.14699999999999999       0.95621602548006568     
  0.14799999999999999       0.95580435099878946     
  0.14899999999999999       0.95539081449264274     
  0.14999999999999999       0.95497540906756062     
  0.15100000000000000       0.95455812782345162     
  0.15200000000000000       0.95413896385438490     
  0.15300000000000000       0.95371791022543895     
  0.15400000000000000       0.95329496004285164     
  0.15500000000000000       0.95287010640777103     
  0.15600000000000000       0.95244334236950878     
  0.15700000000000000       0.95201466104289667     
  0.15800000000000000       0.95158405549133074     
  0.15900000000000000       0.95115151879735516     
  0.16000000000000000       0.95071704403943458     
  0.16100000000000000       0.95028062429216553     
  0.16200000000000001       0.94984225265021083     
  0.16300000000000001       0.94940192215742070     
  0.16400000000000001       0.94895962594948069     
  0.16500000000000001       0.94851535706416434     
  0.16600000000000001       0.94806910858406845     
  0.16700000000000001       0.94762087361331560     
  0.16800000000000001       0.94717064520606420     
  0.16900000000000001       0.94671841648640087     
  0.17000000000000001       0.94626418052889949     
  0.17100000000000001       0.94580793043073819     
  0.17199999999999999       0.94534965928799652     
  0.17299999999999999       0.94488936019588798     
  0.17399999999999999       0.94442702627322994     
  0.17499999999999999       0.94396265061434503     
  0.17599999999999999       0.94349622633772301     
  0.17699999999999999       0.94302774656211430     
  0.17799999999999999       0.94255720443117463     
  0.17899999999999999       0.94208459304060799     
  0.17999999999999999       0.94160990558487323     
  0.18099999999999999       0.94113313516210639     
  0.18200000000000000       0.94065427494547527     
  0.18300000000000000       0.94017331811025140     
  0.18400000000000000       0.93969025778477500     
  0.18500000000000000       0.93920508717373985     
  0.18600000000000000       0.93871779948489054     
  0.18700000000000000       0.93822838787974638     
  0.18800000000000000       0.93773684559752002     
  0.18900000000000000       0.93724316583173117     
  0.19000000000000000       0.93674734180475727     
  0.19100000000000000       0.93624936679325588     
  0.19200000000000000       0.93574923400394860     
  0.19300000000000000       0.93524693674843828     
  0.19400000000000001       0.93474246824379992     
  0.19500000000000001       0.93423582183799503     
  0.19600000000000001       0.93372699081000754     
  0.19700000000000001       0.93321596847026489     
  0.19800000000000001       0.93270274816113918     
  0.19900000000000001       0.93218732323217024     
  0.20000000000000001       0.93166968704035835     
  0.20100000000000001       0.93114983295045950     
  0.20200000000000001       0.93062775438608492     
  0.20300000000000001       0.93010344475408890     
  0.20399999999999999       0.92957689747014505     
  0.20499999999999999       0.92904810598457743     
  0.20599999999999999       0.92851706375730503     
  0.20699999999999999       0.92798376430937113     
  0.20799999999999999       0.92744820109540715     
  0.20899999999999999       0.92691036768317725     
  0.20999999999999999       0.92637025760031133     
  0.21099999999999999       0.92582786438575815     
  0.21199999999999999       0.92528318169337631     
  0.21299999999999999       0.92473620306034565     
  0.21400000000000000       0.92418692219136711     
  0.21500000000000000       0.92363533267485598     
  0.21600000000000000       0.92308142824207640     
  0.21700000000000000       0.92252520256029780     
  0.21800000000000000       0.92196664938890605     
  0.21900000000000000       0.92140576247591910     
  0.22000000000000000       0.92084253558426432     
  0.22100000000000000       0.92027696254449487     
  0.22200000000000000       0.91970903717684072     
  0.22300000000000000       0.91913875334389106     
  0.22400000000000000       0.91856610492481960     
  0.22500000000000001       0.91799108586844547     
  0.22600000000000001       0.91741369011479057     
  0.22700000000000001       0.91683391162165806     
  0.22800000000000001       0.91625174441794266     
  0.22900000000000001       0.91566718252482149     
  0.23000000000000001       0.91508022003558842     
  0.23100000000000001       0.91449085106320982     
  0.23200000000000001       0.91389906968738521     
  0.23300000000000001       0.91330487016797846     
  0.23400000000000001       0.91270824662588523     
  0.23499999999999999       0.91210919333660090     
  0.23599999999999999       0.91150770459756381     
  0.23699999999999999       0.91090377467481620     
  0.23799999999999999       0.91029739796429587     
  0.23899999999999999       0.90968856880450122     
  0.23999999999999999       0.90907728163807278     
  0.24099999999999999       0.90846353093173371     
  0.24199999999999999       0.90784731120370776     
  0.24299999999999999       0.90722861694301316     
  0.24399999999999999       0.90660744277222582     
  0.24500000000000000       0.90598378328561913     
  0.24600000000000000       0.90535763315798234     
  0.24700000000000000       0.90472898711815075     
  0.24800000000000000       0.90409783986769299     
  0.24900000000000000       0.90346418624488856     
  0.25000000000000000       0.90282802106166549     
  0.25100000000000000       0.90218933918581923     
  0.25200000000000000       0.90154813556903901     
  0.25300000000000000       0.90090440516521297     
  0.25400000000000000       0.90025814301320128     
  0.25500000000000000       0.89960934418247540     
  0.25600000000000001       0.89895800374588308     
  0.25700000000000001       0.89830411691809187     
  0.25800000000000001       0.89764767889061925     
  0.25900000000000001       0.89698868491500994     
  0.26000000000000001       0.89632713033118661     
  0.26100000000000001       0.89566301048480490     
  0.26200000000000001       0.89499632078313551     
  0.26300000000000001       0.89432705675141877     
  0.26400000000000001       0.89365521383836111     
  0.26500000000000001       0.89298078769538269     
  0.26600000000000001       0.89230377389814330     
  0.26700000000000002       0.89162416817048351     
  0.26800000000000002       0.89094196624519006     
  0.26900000000000002       0.89025716394854348     
  0.27000000000000002       0.88956975708846431     
  0.27100000000000002       0.88887974162368821     
  0.27200000000000002       0.88818711352375568     
  0.27300000000000002       0.88749186882574804     
  0.27400000000000002       0.88679400360656235     
  0.27500000000000002       0.88609351406833647     
  0.27600000000000002       0.88539039636909744     
  0.27700000000000002       0.88468464684996584     
  0.27800000000000002       0.88397626183726008     
  0.27900000000000003       0.88326523772800425     
  0.28000000000000003       0.88255157101903481     
  0.28100000000000003       0.88183525822204512     
  0.28199999999999997       0.88111629594961427     
  0.28299999999999997       0.88039468088731709     
  0.28399999999999997       0.87967040976560917     
  0.28499999999999998       0.87894347938893302     
  0.28599999999999998       0.87821388663628519     
  0.28699999999999998       0.87748162846178113     
  0.28799999999999998       0.87674670186639081     
  0.28899999999999998       0.87600910392718434     
  0.28999999999999998       0.87526883182680182     
  0.29099999999999998       0.87452588279630894     
  0.29199999999999998       0.87378025408659898     
  0.29299999999999998       0.87303194314266996     
  0.29399999999999998       0.87228094737250073     
  0.29499999999999998       0.87152726429231375     
  0.29599999999999999       0.87077089152730591     
  0.29699999999999999       0.87001182675406030     
  0.29799999999999999       0.86925006773010827     
  0.29899999999999999       0.86848561226524246     
  0.29999999999999999       0.86771845828041239     
  0.30099999999999999       0.86694860374984106     
  0.30199999999999999       0.86617604676005489     
  0.30299999999999999       0.86540078545185384     
  0.30399999999999999       0.86462281805007435     
  0.30499999999999999       0.86384214289355588     
  0.30599999999999999       0.86305875831794832     
  0.30700000000000000       0.86227266286226822     
  0.30800000000000000       0.86148385503377856     
  0.30900000000000000       0.86069233351484320     
  0.31000000000000000       0.85989809701591424     
  0.31100000000000000       0.85910114436462570     
  0.31200000000000000       0.85830147444711946     
  0.31300000000000000       0.85749908626780402     
  0.31400000000000000       0.85669397886078780     
  0.31500000000000000       0.85588615143893254     
  0.31600000000000000       0.85507560324579057     
  0.31700000000000000       0.85426233358561299     
  0.31800000000000000       0.85344634194316626     
  0.31900000000000001       0.85262762780526458     
  0.32000000000000001       0.85180619081045850     
  0.32100000000000001       0.85098203062994171     
  0.32200000000000001       0.85015514708772166     
  0.32300000000000001       0.84932554010133143     
  0.32400000000000001       0.84849320959208441     
  0.32500000000000001       0.84765815566565961     
  0.32600000000000001       0.84682037852263126     
  0.32700000000000001       0.84597987842875855     
  0.32800000000000001       0.84513665571526686     
  0.32900000000000001       0.84429071090003616     
  0.33000000000000002       0.84344204447670790     
  0.33100000000000002       0.84259065715679071     
  0.33200000000000002       0.84173654968879541     
  0.33300000000000002       0.84087972288869606     
  0.33400000000000002       0.84002017779208382     
  0.33500000000000002       0.83915791538150719     
  0.33600000000000002       0.83829293682962680     
  0.33700000000000002       0.83742524340866220     
  0.33800000000000002       0.83655483649078100     
  0.33900000000000002       0.83568171751796239     
  0.34000000000000002       0.83480588806334177     
  0.34100000000000003       0.83392734977056493     
  0.34200000000000003       0.83304610444584992     
  0.34300000000000003       0.83216215393607618     
  0.34399999999999997       0.83127550025153452     
  0.34499999999999997       0.83038614547446876     
  0.34599999999999997       0.82949409179000566     
  0.34699999999999998       0.82859934145574143     
  0.34799999999999998       0.82770189695584606     
  0.34899999999999998       0.82680176075546630     
  0.34999999999999998       0.82589893545468118     
  0.35099999999999998       0.82499342385067909     
  0.35199999999999998       0.82408522869134537     
  0.35299999999999998       0.82317435301498254     
  0.35399999999999998       0.82226079981101974     
  0.35499999999999998       0.82134457226739888     
  0.35599999999999998       0.82042567364726404     
  0.35699999999999998       0.81950410735114765     
  0.35799999999999998       0.81857987685526756     
  0.35899999999999999       0.81765298577380741     
  0.35999999999999999       0.81672343785928891     
  0.36099999999999999       0.81579123690957323     
  0.36199999999999999       0.81485638686128981     
  0.36299999999999999       0.81391889179019150     
  0.36399999999999999       0.81297875588029855     
  0.36499999999999999       0.81203598336166516     
  0.36599999999999999       0.81109057869782275     
  0.36699999999999999       0.81014254633629412     
  0.36799999999999999       0.80919189092736243     
  0.36899999999999999       0.80823861723065704     
  0.37000000000000000       0.80728273008398221     
  0.37100000000000000       0.80632423443473333     
  0.37200000000000000       0.80536313540281945     
  0.37300000000000000       0.80439943818681992     
  0.37400000000000000       0.80343314809543731     
  0.37500000000000000       0.80246427051617508     
  0.37600000000000000       0.80149281107272907     
  0.37700000000000000       0.80051877537356309     
  0.37800000000000000       0.79954216923220678     
  0.37900000000000000       0.79856299850997914     
  0.38000000000000000       0.79758126927366602     
  0.38100000000000001       0.79659698760642594     
  0.38200000000000001       0.79561015979715977     
  0.38300000000000001       0.79462079218276827     
  0.38400000000000001       0.79362889127457137     
  0.38500000000000001       0.79263446366356494     
  0.38600000000000001       0.79163751605203792     
  0.38700000000000001       0.79063805528529574     
  0.38800000000000001       0.78963608832005616     
  0.38900000000000001       0.78863162225619254     
  0.39000000000000001       0.78762466424155286     
  0.39100000000000001       0.78661522163063635     
  0.39200000000000002       0.78560330179408977     
  0.39300000000000002       0.78458891234108297     
  0.39400000000000002       0.78357206089681852     
  0.39500000000000002       0.78255275526145363     
  0.39600000000000002       0.78153100331461800     
  0.39700000000000002       0.78050681307902281     
  0.39800000000000002       0.77948019268856805     
  0.39900000000000002       0.77845115042016599     
  0.40000000000000002       0.77741969462986460     
  0.40100000000000002       0.77638583381654747     
  0.40200000000000002       0.77534957655797221     
  0.40300000000000002       0.77431093160649656     
  0.40400000000000003       0.77326990779311433     
  0.40500000000000003       0.77222651409124710     
  0.40600000000000003       0.77118075955261478     
  0.40699999999999997       0.77013265337106684     
  0.40799999999999997       0.76908220491452861     
  0.40899999999999997       0.76802942353256076     
  0.40999999999999998       0.76697431881251454     
  0.41099999999999998       0.76591690038704152     
  0.41199999999999998       0.76485717809426823     
  0.41299999999999998       0.76379516172081696     
  0.41399999999999998       0.76273086138681534     
  0.41499999999999998       0.76166428712822654     
  0.41599999999999998       0.76059544921777089     
  0.41699999999999998       0.75952435800406437     
  0.41799999999999998       0.75845102397563546     
  0.41899999999999998       0.75737545766412084     
  0.41999999999999998       0.75629766980486046     
  0.42099999999999999       0.75521767117569105     
  0.42199999999999999       0.75413547272540793     
  0.42299999999999999       0.75305108544460697     
  0.42399999999999999       0.75196452052645735     
  0.42499999999999999       0.75087578920523568     
  0.42599999999999999       0.74978490285265043     
  0.42699999999999999       0.74869187297752182     
  0.42799999999999999       0.74759671109632220     
  0.42899999999999999       0.74649942899095922     
  0.42999999999999999       0.74540003838562574     
  0.43099999999999999       0.74429855130152467     
  0.43200000000000000       0.74319497966894421     
  0.43300000000000000       0.74208933568210700     
  0.43400000000000000       0.74098163157262975     
  0.43500000000000000       0.73987187970599588     
  0.43600000000000000       0.73876009251644892     
  0.43700000000000000       0.73764628253883158     
  0.43800000000000000       0.73653046250516707     
  0.43900000000000000       0.73541264515010218     
  0.44000000000000000       0.73429284337214040     
  0.44100000000000000       0.73317107016844374     
  0.44200000000000000       0.73204733856956306     
  0.44300000000000000       0.73092166180075435     
  0.44400000000000001       0.72979405311958856     
  0.44500000000000001       0.72866452594491071     
  0.44600000000000001       0.72753309379153530     
  0.44700000000000001       0.72639977020488233     
  0.44800000000000001       0.72526456888995983     
  0.44900000000000001       0.72412750364600509     
  0.45000000000000001       0.72298858833347923     
  0.45100000000000001       0.72184783693826138     
  0.45200000000000001       0.72070526357104581     
  0.45300000000000001       0.71956088236948834     
  0.45400000000000001       0.71841470762720883     
  0.45500000000000002       0.71726675369591264     
  0.45600000000000002       0.71611703501715351     
  0.45700000000000002       0.71496556618649765     
  0.45800000000000002       0.71381236179077923     
  0.45900000000000002       0.71265743656949632     
  0.46000000000000002       0.71150080534929094     
  0.46100000000000002       0.71034248307566827     
  0.46200000000000002       0.70918248468262246     
  0.46300000000000002       0.70802082528642174     
  0.46400000000000002       0.70685752005521940     
  0.46500000000000002       0.70569258424073755     
  0.46600000000000003       0.70452603317752660     
  0.46700000000000003       0.70335788231462759     
  0.46800000000000003       0.70218814711758537     
  0.46899999999999997       0.70101684322972546     
  0.46999999999999997       0.69984398624453992     
  0.47099999999999997       0.69866959196414202     
  0.47199999999999998       0.69749367620405422     
  0.47299999999999998       0.69631625488961457     
  0.47399999999999998       0.69513734395799931     
  0.47499999999999998       0.69395695948697711     
  0.47599999999999998       0.69277511762929656     
  0.47699999999999998       0.69159183454711470     
  0.47799999999999998       0.69040712654068359     
  0.47899999999999998       0.68922100998273461     
  0.47999999999999998       0.68803350128527718     
  0.48099999999999998       0.68684461693112386     
  0.48199999999999998       0.68565437347302893     
  0.48299999999999998       0.68446278753282574     
  0.48399999999999999       0.68326987583287913     
  0.48499999999999999       0.68207565509821044     
  0.48599999999999999       0.68088014215262349     
  0.48699999999999999       0.67968335395008206     
  0.48799999999999999       0.67848530734764811     
  0.48899999999999999       0.67728601939538580     
  0.48999999999999999       0.67608550717388172     
  0.49099999999999999       0.67488378779337288     
  0.49199999999999999       0.67368087842513191     
  0.49299999999999999       0.67247679633279456     
  0.49399999999999999       0.67127155883913825     
  0.49500000000000000       0.67006518322844666     
  0.49600000000000000       0.66885768693905101     
  0.49700000000000000       0.66764908743338514     
  0.49800000000000000       0.66643940222928610     
  0.49900000000000000       0.66522864883465926     
  0.50000000000000000       0.66401684489142776     
  0.50100000000000000       0.66280400801902373     
  0.50200000000000000       0.66159015597441218     
  0.50300000000000000       0.66037530639965436     
  0.50400000000000000       0.65915947716664680     
  0.50500000000000000       0.65794268604804340     
  0.50600000000000001       0.65672495094781780     
  0.50700000000000001       0.65550628974600056     
  0.50800000000000001       0.65428672037485325     
  0.50900000000000001       0.65306626085635011     
  0.51000000000000001       0.65184492918565651     
  0.51100000000000001       0.65062274340719872     
  0.51200000000000001       0.64939972161364334     
  0.51300000000000001       0.64817588194487363     
  0.51400000000000001       0.64695124251016167     
  0.51500000000000001       0.64572582150247126     
  0.51600000000000001       0.64449963712060609     
  0.51700000000000002       0.64327270764496058     
  0.51800000000000002       0.64204505124476430     
  0.51900000000000002       0.64081668632217192     
  0.52000000000000002       0.63958763108960670     
  0.52100000000000002       0.63835790391368952     
  0.52200000000000002       0.63712752312267928     
  0.52300000000000002       0.63589650712029411     
  0.52400000000000002       0.63466487426996465     
  0.52500000000000002       0.63343264300852731     
  0.52600000000000002       0.63219983173060301     
  0.52700000000000002       0.63096645886403269     
  0.52800000000000002       0.62973254286881974     
  0.52900000000000003       0.62849810223607949     
  0.53000000000000003       0.62726315537280508     
  0.53100000000000003       0.62602772079134339     
  0.53200000000000003       0.62479181703207576     
  0.53300000000000003       0.62355546251042349     
  0.53400000000000003       0.62231867574404132     
  0.53500000000000003       0.62108147527564506     
  0.53600000000000003       0.61984387959613751     
  0.53700000000000003       0.61860590721956865     
  0.53800000000000003       0.61736757664422848     
  0.53900000000000003       0.61612890635172146     
  0.54000000000000004       0.61488991491944767     
  0.54100000000000004       0.61365062083041078     
  0.54200000000000004       0.61241104254806022     
  0.54300000000000004       0.61117119859081781     
  0.54400000000000004       0.60993110741781709     
  0.54500000000000004       0.60869078757877626     
  0.54600000000000004       0.60745025748687209     
  0.54700000000000004       0.60620953560628188     
  0.54800000000000004       0.60496864041341936     
  0.54900000000000004       0.60372759028325940     
  0.55000000000000004       0.60248640371382067     
  0.55100000000000005       0.60124509902481316     
  0.55200000000000005       0.60000369465697190     
  0.55300000000000005       0.59876220894603960     
  0.55400000000000005       0.59752066027175021     
  0.55500000000000005       0.59627906694457000     
  0.55600000000000005       0.59503744727963526     
  0.55700000000000005       0.59379581955843086     
  0.55800000000000005       0.59255420202792908     
  0.55900000000000005       0.59131261293695825     
  0.56000000000000005       0.59007107046079510     
  0.56100000000000005       0.58882959281196778     
  0.56200000000000006       0.58758819812769025     
  0.56299999999999994       0.58634690454338323     
  0.56399999999999995       0.58510573015460388     
  0.56499999999999995       0.58386469294216892     
  0.56599999999999995       0.58262381103060812     
  0.56699999999999995       0.58138310235387736     
  0.56799999999999995       0.58014258487676462     
  0.56899999999999995       0.57890227651995652     
  0.56999999999999995       0.57766219512239048     
  0.57099999999999995       0.57642235858788549     
  0.57199999999999995       0.57518278466314932     
  0.57299999999999995       0.57394349112123721     
  0.57399999999999995       0.57270449568699788     
  0.57499999999999996       0.57146581599963742     
  0.57599999999999996       0.57022746972201521     
  0.57699999999999996       0.56898947439315140     
  0.57799999999999996       0.56775184761060526     
  0.57899999999999996       0.56651460681007415     
  0.57999999999999996       0.56527776944759756     
  0.58099999999999996       0.56404135288912882     
  0.58199999999999996       0.56280537448279155     
  0.58299999999999996       0.56156985152160244     
  0.58399999999999996       0.56033480124275459     
  0.58499999999999996       0.55910024082690624     
  0.58599999999999997       0.55786618736123794     
  0.58699999999999997       0.55663265794755101     
  0.58799999999999997       0.55539966955654541     
  0.58899999999999997       0.55416723920812305     
  0.58999999999999997       0.55293538371757534     
  0.59099999999999997       0.55170411998400271     
  0.59199999999999997       0.55047346473688508     
  0.59299999999999997       0.54924343471579939     
  0.59399999999999997       0.54801404656163166     
  0.59499999999999997       0.54678531685201293     
  0.59599999999999997       0.54555726213650901     
  0.59699999999999998       0.54432989882844263     
  0.59799999999999998       0.54310324338338989     
  0.59899999999999998       0.54187731204806755     
  0.59999999999999998       0.54065212111014815     
  0.60099999999999998       0.53942768679019393     
  0.60199999999999998       0.53820402520550747     
  0.60299999999999998       0.53698115233424926     
  0.60399999999999998       0.53575908422815754     
  0.60499999999999998       0.53453783676308797     
  0.60599999999999998       0.53331742578066588     
  0.60699999999999998       0.53209786701683348     
  0.60799999999999998       0.53087917620741865     
  0.60899999999999999       0.52966136894615545     
  0.60999999999999999       0.52844446071981432     
  0.61099999999999999       0.52722846704854631     
  0.61199999999999999       0.52601340330912949     
  0.61299999999999999       0.52479928476999194     
  0.61399999999999999       0.52358612669600890     
  0.61499999999999999       0.52237394420766403     
  0.61599999999999999       0.52116275242074117     
  0.61699999999999999       0.51995256623611730     
  0.61799999999999999       0.51874340065372293     
  0.61899999999999999       0.51753527042307412     
  0.62000000000000000       0.51632819035663502     
  0.62100000000000000       0.51512217505092694     
  0.62200000000000000       0.51391723912953646     
  0.62300000000000000       0.51271339706901586     
  0.62400000000000000       0.51151066326804073     
  0.62500000000000000       0.51030905204700716     
  0.62600000000000000       0.50910857768208206     
  0.62700000000000000       0.50790925426698330     
  0.62800000000000000       0.50671109588507512     
  0.62900000000000000       0.50551411653990852     
  0.63000000000000000       0.50431833008636040     
  0.63100000000000001       0.50312375033337275     
  0.63200000000000001       0.50193039100920522     
  0.63300000000000001       0.50073826569290225     
  0.63400000000000001       0.49954738798470411     
  0.63500000000000001       0.49835777126698383     
  0.63600000000000001       0.49716942890862709     
  0.63700000000000001       0.49598237416252844     
  0.63800000000000001       0.49479662019939524     
  0.63900000000000001       0.49361218010745578     
  0.64000000000000001       0.49242906685843180     
  0.64100000000000001       0.49124729337490786     
  0.64200000000000002       0.49006687239524044     
  0.64300000000000002       0.48888781664202219     
  0.64400000000000002       0.48771013878777714     
  0.64500000000000002       0.48653385125354193     
  0.64600000000000002       0.48535896654426947     
  0.64700000000000002       0.48418549691348139     
  0.64800000000000002       0.48301345463099060     
  0.64900000000000002       0.48184285184879783     
  0.65000000000000002       0.48067370060114739     
  0.65100000000000002       0.47950601280459559     
  0.65200000000000002       0.47833980032432305     
  0.65300000000000002       0.47717507490755950     
  0.65400000000000003       0.47601184821668607     
  0.65500000000000003       0.47485013179611207     
  0.65600000000000003       0.47368993710528801     
  0.65700000000000003       0.47253127555140706     
  0.65800000000000003       0.47137415835780022     
  0.65900000000000003       0.47021859669558269     
  0.66000000000000003       0.46906460165056690     
  0.66100000000000003       0.46791218415786728     
  0.66200000000000003       0.46676135516523914     
  0.66300000000000003       0.46561212537193319     
  0.66400000000000003       0.46446450548974222     
  0.66500000000000004       0.46331850611241659     
  0.66600000000000004       0.46217413768348592     
  0.66700000000000004       0.46103141059365460     
  0.66800000000000004       0.45989033514820360     
  0.66900000000000004       0.45875092150252411     
  0.67000000000000004       0.45761317975904325     
  0.67100000000000004       0.45647711990271822     
  0.67200000000000004       0.45534275180126782     
  0.67300000000000004       0.45421008523738915     
  0.67400000000000004       0.45307912990872673     
  0.67500000000000004       0.45194989542784675     
  0.67600000000000005       0.45082239125859519     
  0.67700000000000005       0.44969662674839894     
  0.67800000000000005       0.44857261128703807     
  0.67900000000000005       0.44745035395744687     
  0.68000000000000005       0.44632986394832042     
  0.68100000000000005       0.44521115017406537     
  0.68200000000000005       0.44409422155978417     
  0.68300000000000005       0.44297908688335969     
  0.68400000000000005       0.44186575487013974     
  0.68500000000000005       0.44075423406746489     
  0.68600000000000005       0.43964453303305906     
  0.68700000000000006       0.43853666011587744     
  0.68799999999999994       0.43743062364411212     
  0.68899999999999995       0.43632643180036779     
  0.68999999999999995       0.43522409268434009     
  0.69099999999999995       0.43412361431288798     
  0.69199999999999995       0.43302500455829357     
  0.69299999999999995       0.43192827127232097     
  0.69399999999999995       0.43083342216255505     
  0.69499999999999995       0.42974046479306655     
  0.69599999999999995       0.42864940670780238     
  0.69699999999999995       0.42756025533824910     
  0.69799999999999995       0.42647301797326242     
  0.69899999999999995       0.42538770185127778     
  0.69999999999999996       0.42430431409924318     
  0.70099999999999996       0.42322286170263634     
  0.70199999999999996       0.42214335165784311     
  0.70299999999999996       0.42106579075948763     
  0.70399999999999996       0.41999018578303893     
  0.70499999999999996       0.41891654330340633     
  0.70599999999999996       0.41784486993707387     
  0.70699999999999996       0.41677517210072690     
  0.70799999999999996       0.41570745616250604     
  0.70899999999999996       0.41464172835208740     
  0.70999999999999996       0.41357799488091618     
  0.71099999999999997       0.41251626182253903     
  0.71199999999999997       0.41145653511335678     
  0.71299999999999997       0.41039882067217437     
  0.71399999999999997       0.40934312428124303     
  0.71499999999999997       0.40828945164618818     
  0.71599999999999997       0.40723780836667689     
  0.71699999999999997       0.40618819993690053     
  0.71799999999999997       0.40514063180487758     
  0.71899999999999997       0.40409510931366494     
  0.71999999999999997       0.40305163764327168     
  0.72099999999999997       0.40201022195790254     
  0.72199999999999998       0.40097086734723913     
  0.72299999999999998       0.39993357873930652     
  0.72399999999999998       0.39889836104685239     
  0.72499999999999998       0.39786521899299282     
  0.72599999999999998       0.39683415731518573     
  0.72699999999999998       0.39580518062017345     
  0.72799999999999998       0.39477829338479825     
  0.72899999999999998       0.39375350007187893     
  0.72999999999999998       0.39273080501503743     
  0.73099999999999998       0.39171021247681936     
  0.73199999999999998       0.39069172659175849     
  0.73299999999999998       0.38967535142426574     
  0.73399999999999999       0.38866109102582297     
  0.73499999999999999       0.38764894923575482     
  0.73599999999999999       0.38663892990977972     
  0.73699999999999999       0.38563103677791077     
  0.73799999999999999       0.38462527347353420     
  0.73899999999999999       0.38362164359032030     
  0.73999999999999999       0.38262015054159199     
  0.74099999999999999       0.38162079778625513     
  0.74199999999999999       0.38062358860386708     
  0.74299999999999999       0.37962852623580329     
  0.74399999999999999       0.37863561382946026     
  0.74500000000000000       0.37764485443882312     
  0.74600000000000000       0.37665625105280287     
  0.74700000000000000       0.37566980656780119     
  0.74800000000000000       0.37468552381593584     
  0.74900000000000000       0.37370340551013337     
  0.75000000000000000       0.37272345436890331     
  0.75000000000000000       0.75709686014440347     
  0.75100000000000000       0.75807197642561519     
  0.75200000000000000       0.75903966981917814     
  0.75300000000000000       0.76000005481895450     
  0.75400000000000000       0.76095324233522565     
  0.75500000000000000       0.76189934008373861     
  0.75600000000000001       0.76283845248868887     
  0.75700000000000001       0.76377068105195556     
  0.75800000000000001       0.76469612421983757     
  0.75900000000000001       0.76561487782199045     
  0.76000000000000001       0.76652703483053619     
  0.76100000000000001       0.76743268579733048     
  0.76200000000000001       0.76833191868426520     
  0.76300000000000001       0.76922481922735131     
  0.76400000000000001       0.77011147073150343     
  0.76500000000000001       0.77099195443323121     
  0.76600000000000001       0.77186634940154364     
  0.76700000000000002       0.77273473268685777     
  0.76800000000000002       0.77359717946895579     
  0.76900000000000002       0.77445376292268897     
  0.77000000000000002       0.77530455454155234     
  0.77100000000000002       0.77614962403804044     
  0.77200000000000002       0.77698903938515929     
  0.77300000000000002       0.77782286703261005     
  0.77400000000000002       0.77865117184209764     
  0.77500000000000002       0.77947401712798603     
  0.77600000000000002       0.78029146483703815     
  0.77700000000000002       0.78110357541402853     
  0.77800000000000002       0.78191040805042822     
  0.77900000000000003       0.78271202058461964     
  0.78000000000000003       0.78350846957616083     
  0.78100000000000003       0.78429981041410401     
  0.78200000000000003       0.78508609721758527     
  0.78300000000000003       0.78586738308185011     
  0.78400000000000003       0.78664371990959014     
  0.78500000000000003       0.78741515858730293     
  0.78600000000000003       0.78818174888594228     
  0.78700000000000003       0.78894353967068120     
  0.78800000000000003       0.78970057880131050     
  0.78900000000000003       0.79045291317017818     
  0.79000000000000004       0.79120058880804300     
  0.79100000000000004       0.79194365081899465     
  0.79200000000000004       0.79268214345195498     
  0.79300000000000004       0.79341611013771329     
  0.79400000000000004       0.79414559352573322     
  0.79500000000000004       0.79487063541930414     
  0.79600000000000004       0.79559127694767284     
  0.79700000000000004       0.79630755839966449     
  0.79800000000000004       0.79701951946271932     
  0.79900000000000004       0.79772719902306244     
  0.80000000000000004       0.79843063537032455     
  0.80100000000000005       0.79912986606545566     
  0.80200000000000005       0.79982492807743066     
  0.80300000000000005       0.80051585778522638     
  0.80400000000000005       0.80120269087987195     
  0.80500000000000005       0.80188546253369963     
  0.80600000000000005       0.80256420730228750     
  0.80700000000000005       0.80323895922641819     
  0.80800000000000005       0.80390975180066615     
  0.80900000000000005       0.80457661794236146     
  0.81000000000000005       0.80523959009293478     
  0.81100000000000005       0.80589870021949439     
  0.81200000000000006       0.80655397975064624     
  0.81299999999999994       0.80720545964437884     
  0.81399999999999995       0.80785317048812844     
  0.81499999999999995       0.80849714227056213     
  0.81599999999999995       0.80913740464588502     
  0.81699999999999995       0.80977398683669000     
  0.81799999999999995       0.81040691757039196     
  0.81899999999999995       0.81103622524397811     
  0.81999999999999995       0.81166193779498197     
  0.82099999999999995       0.81228408286549203     
  0.82199999999999995       0.81290268764099394     
  0.82299999999999995       0.81351777894928989     
  0.82399999999999995       0.81412938322948281     
  0.82499999999999996       0.81473752663008892     
  0.82599999999999996       0.81534223494550195     
  0.82699999999999996       0.81594353358521776     
  0.82799999999999996       0.81654144767154191     
  0.82899999999999996       0.81713600197645841     
  0.82999999999999996       0.81772722095494010     
  0.83099999999999996       0.81831512880983204     
  0.83199999999999996       0.81889974939702737     
  0.83299999999999996       0.81948110629044790     
  0.83399999999999996       0.82005922271956644     
  0.83499999999999996       0.82063412172918004     
  0.83599999999999997       0.82120582605317582     
  0.83699999999999997       0.82177435811580157     
  0.83799999999999997       0.82233974012743249     
  0.83899999999999997       0.82290199399075414     
  0.83999999999999997       0.82346114139623983     
  0.84099999999999997       0.82401720376002541     
  0.84199999999999997       0.82457020231882716     
  0.84299999999999997       0.82512015797413052     
  0.84399999999999997       0.82566709144969541     
  0.84499999999999997       0.82621102322965401     
  0.84599999999999997       0.82675197359045949     
  0.84699999999999998       0.82728996253950637     
  0.84799999999999998       0.82782500994011810     
  0.84899999999999998       0.82835713541897660     
  0.84999999999999998       0.82888635836706792     
  0.85099999999999998       0.82941269797142325     
  0.85199999999999998       0.82993617324656144     
  0.85299999999999998       0.83045680300424563     
  0.85399999999999998       0.83097460585421312     
  0.85499999999999998       0.83148960026605634     
  0.85599999999999998       0.83200180444736116     
  0.85699999999999998       0.83251123646686631     
  0.85799999999999998       0.83301791419387583     
  0.85899999999999999       0.83352185535975853     
  0.85999999999999999       0.83402307749759608     
  0.86099999999999999       0.83452159797324055     
  0.86199999999999999       0.83501743398585837     
  0.86299999999999999       0.83551060256849119     
  0.86399999999999999       0.83600112058861842     
  0.86499999999999999       0.83648900477877142     
  0.86599999999999999       0.83697427170686800     
  0.86699999999999999       0.83745693777680708     
  0.86799999999999999       0.83793701922907349     
  0.86899999999999999       0.83841453220099083     
  0.87000000000000000       0.83888949266727153     
  0.87100000000000000       0.83936191644064817     
  0.87200000000000000       0.83983181920216843     
  0.87300000000000000       0.84029921650157469     
  0.87400000000000000       0.84076412375768705     
  0.87500000000000000       0.84122655622929998     
  0.87600000000000000       0.84168652907473929     
  0.87700000000000000       0.84214405729321962     
  0.87800000000000000       0.84259915575486444     
  0.87900000000000000       0.84305183925969973     
  0.88000000000000000       0.84350212242062172     
  0.88100000000000001       0.84395001978107909     
  0.88200000000000001       0.84439554566935471     
  0.88300000000000001       0.84483871440332137     
  0.88400000000000001       0.84527954014473383     
  0.88500000000000001       0.84571803692892389     
  0.88600000000000001       0.84615421866526419     
  0.88700000000000001       0.84658809919536349     
  0.88800000000000001       0.84701969220659268     
  0.88900000000000001       0.84744901129034145     
  0.89000000000000001       0.84787606994224141     
  0.89100000000000001       0.84830088156239847     
  0.89200000000000002       0.84872345939843463     
  0.89300000000000002       0.84914381663188732     
  0.89400000000000002       0.84956196634970071     
  0.89500000000000002       0.84997792151603624     
  0.89600000000000002       0.85039169502956702     
  0.89700000000000002       0.85080329961013679     
  0.89800000000000002       0.85121274799778646     
  0.89900000000000002       0.85162005272613817     
  0.90000000000000002       0.85202522632095889     
  0.90100000000000002       0.85242828115902869     
  0.90200000000000002       0.85282922952509299     
  0.90300000000000002       0.85322808369620973     
  0.90400000000000003       0.85362485574548064     
  0.90500000000000003       0.85401955771088800     
  0.90600000000000003       0.85441220156720676     
  0.90700000000000003       0.85480279914261226     
  0.90800000000000003       0.85519136225830927     
  0.90900000000000003       0.85557790256181210     
  0.91000000000000003       0.85596243169397623     
  0.91100000000000003       0.85634496115051728     
  0.91200000000000003       0.85672550242061285     
  0.91300000000000003       0.85710406684894669     
  0.91400000000000003       0.85748066571890236     
  0.91500000000000004       0.85785531022523565     
  0.91600000000000004       0.85822801152910677     
  0.91700000000000004       0.85859878064872130     
  0.91800000000000004       0.85896762856915676     
  0.91900000000000004       0.85933456621500626     
  0.92000000000000004       0.85969960436903647     
  0.92100000000000004       0.86006275383560060     
  0.92200000000000004       0.86042402527772388     
  0.92300000000000004       0.86078342927194917     
  0.92400000000000004       0.86114097638950715     
  0.92500000000000004       0.86149667708836419     
  0.92600000000000005       0.86185054176751119     
  0.92700000000000005       0.86220258074028988     
  0.92800000000000005       0.86255280426149594     
  0.92900000000000005       0.86290122255417556     
  0.93000000000000005       0.86324784572959345     
  0.93100000000000005       0.86359268381444509     
  0.93200000000000005       0.86393574683082519     
  0.93300000000000005       0.86427704471640843     
  0.93400000000000005       0.86461658729839641     
  0.93500000000000005       0.86495438439967653     
  0.93600000000000005       0.86529044573313130     
  0.93700000000000006       0.86562478100739770     
  0.93799999999999994       0.86595739979535091     
  0.93899999999999995       0.86628831166589881     
  0.93999999999999995       0.86661752610523268     
  0.94099999999999995       0.86694505251721932     
  0.94199999999999995       0.86727090030189435     
  0.94299999999999995       0.86759507877716446     
  0.94399999999999995       0.86791759715327721     
  0.94499999999999995       0.86823846463699894     
  0.94599999999999995       0.86855769037960684     
  0.94699999999999995       0.86887528342547937     
  0.94799999999999995       0.86919125284142018     
  0.94899999999999995       0.86950560753627881     
  0.94999999999999996       0.86981835646719152     
  0.95099999999999996       0.87012950845964709     
  0.95199999999999996       0.87043907231054385     
  0.95299999999999996       0.87074705676261854     
  0.95399999999999996       0.87105347053005988     
  0.95499999999999996       0.87135832222225351     
  0.95599999999999996       0.87166162044581841     
  0.95699999999999996       0.87196337372840726     
  0.95799999999999996       0.87226359054436897     
  0.95899999999999996       0.87256227931492780     
  0.95999999999999996       0.87285944840835694     
  0.96099999999999997       0.87315510619035863     
  0.96199999999999997       0.87344926089850317     
  0.96299999999999997       0.87374192076815094     
  0.96399999999999997       0.87403309400719742     
  0.96499999999999997       0.87432278869638602     
  0.96599999999999997       0.87461101293937515     
  0.96699999999999997       0.87489777473814156     
  0.96799999999999997       0.87518308211746632     
  0.96899999999999997       0.87546694300083128     
  0.96999999999999997       0.87574936526041725     
  0.97099999999999997       0.87603035671729745     
  0.97199999999999998       0.87630992521534856     
  0.97299999999999998       0.87658807847357756     
  0.97399999999999998       0.87686482418494005     
  0.97499999999999998       0.87714017004072753     
  0.97599999999999998       0.87741412360837689     
  0.97699999999999998       0.87768669247839060     
  0.97799999999999998       0.87795788416666964     
  0.97899999999999998       0.87822770613919410     
  0.97999999999999998       0.87849616586060975     
  0.98099999999999998       0.87876327069736693     
  0.98199999999999998       0.87902902801479843     
  0.98299999999999998       0.87929344508063223     
  0.98399999999999999       0.87955652918570493     
  0.98499999999999999       0.87981828754761782     
  0.98599999999999999       0.88007872735900605     
  0.98699999999999999       0.88033785569203571     
  0.98799999999999999       0.88059567971370978     
  0.98899999999999999       0.88085220644692042     
  0.98999999999999999       0.88110744289023291     
  0.99099999999999999       0.88136139604154895     
  0.99199999999999999       0.88161407280330062     
  0.99299999999999999       0.88186548007748777     
  0.99399999999999999       0.88211562474188487     
  0.99500000000000000       0.88236451357951862     
  0.99600000000000000       0.88261215334970278     
  0.99700000000000000       0.88285855083484110     
  0.99800000000000000       0.88310371269977073     
  0.99900000000000000       0.88334764558593204     
   1.0000000000000000       0.88359035615790327     
